---------------------------------------------
GFN1-xTB CALCULATION.
---------------------------------------------

Overlap (S)
 1.000000  0.000000  0.000000  0.000000  0.454547 -0.010584  0.454546 -0.010584  0.454549 -0.010583  0.454549 -0.010583
 0.000000  1.000000  0.000000  0.000000  0.000000  0.000000  0.413544  0.213330 -0.206774 -0.106666 -0.206774 -0.106666
 0.000000  0.000000  1.000000  0.000000  0.000000  0.000000  0.000000  0.000000 -0.358140 -0.184749  0.358140  0.184749
 0.000000  0.000000  0.000000  1.000000  0.438630  0.226270 -0.146210 -0.075423 -0.146211 -0.075424 -0.146211 -0.075424
 0.454547  0.000000  0.000000  0.438630  1.000000  0.000000  0.182061 -0.127723  0.182062 -0.127723  0.182062 -0.127723
-0.010584  0.000000  0.000000  0.226270  0.000000  1.000000 -0.127723  0.025721 -0.127723  0.025721 -0.127723  0.025721
 0.454546  0.413544  0.000000 -0.146210  0.182061 -0.127723  1.000000  0.000000  0.182062 -0.127723  0.182062 -0.127723
-0.010584  0.213330  0.000000 -0.075423 -0.127723  0.025721  0.000000  1.000000 -0.127723  0.025721 -0.127723  0.025721
 0.454549 -0.206774 -0.358140 -0.146211  0.182062 -0.127723  0.182062 -0.127723  1.000000  0.000000  0.182064 -0.127723
-0.010583 -0.106666 -0.184749 -0.075424 -0.127723  0.025721 -0.127723  0.025721  0.000000  1.000000 -0.127723  0.025722
 0.454549 -0.206774  0.358140 -0.146211  0.182062 -0.127723  0.182062 -0.127723  0.182064 -0.127723  1.000000  0.000000
-0.010583 -0.106666  0.184749 -0.075424 -0.127723  0.025721 -0.127723  0.025721 -0.127723  0.025722  0.000000  1.000000

S^(-1/2)
 1.416387 -0.000002 -0.000000 -0.000001 -0.289603 -0.074250 -0.289602 -0.074250 -0.289605 -0.074251 -0.289605 -0.074251
-0.000002  1.174833 -0.000000  0.000001 -0.000000  0.000000 -0.301351 -0.110308  0.150677  0.055155  0.150677  0.055155
-0.000000 -0.000000  1.174833  0.000000  0.000000  0.000000 -0.000000 -0.000000  0.260979  0.095530 -0.260979 -0.095530
-0.000001  0.000001  0.000000  1.174832 -0.319631 -0.117000  0.106543  0.039000  0.106545  0.039000  0.106545  0.039000
-0.289603 -0.000000  0.000000 -0.319631  1.245907  0.042431 -0.036580  0.059985 -0.036581  0.059985 -0.036581  0.059985
-0.074250  0.000000  0.000000 -0.117000  0.042431  1.037318  0.059985 -0.004421  0.059985 -0.004421  0.059985 -0.004421
-0.289602 -0.301351 -0.000000  0.106543 -0.036580  0.059985  1.245907  0.042430 -0.036581  0.059985 -0.036581  0.059985
-0.074250 -0.110308 -0.000000  0.039000  0.059985 -0.004421  0.042430  1.037318  0.059985 -0.004421  0.059985 -0.004421
-0.289605  0.150677  0.260979  0.106545 -0.036581  0.059985 -0.036581  0.059985  1.245910  0.042431 -0.036581  0.059986
-0.074251  0.055155  0.095530  0.039000  0.059985 -0.004421  0.059985 -0.004421  0.042431  1.037319  0.059986 -0.004421
-0.289605  0.150677 -0.260979  0.106545 -0.036581  0.059985 -0.036581  0.059985 -0.036581  0.059986  1.245910  0.042431
-0.074251  0.055155 -0.095530  0.039000  0.059985 -0.004421  0.059985 -0.004421  0.059986 -0.004421  0.042431  1.037319

Zero-th order Hamiltonian
-0.511221  0.000000  0.000000  0.000000 -0.356941  0.006831 -0.356940  0.006831 -0.356943  0.006830 -0.356943  0.006830
 0.000000 -0.365031  0.000000  0.000000 -0.000000 -0.000000 -0.333097 -0.122118  0.166550  0.061060  0.166550  0.061060
 0.000000  0.000000 -0.365031  0.000000 -0.000000 -0.000000 -0.000000 -0.000000  0.288470  0.105758 -0.288470 -0.105758
 0.000000  0.000000  0.000000 -0.365031 -0.353302 -0.129526  0.117767  0.043175  0.117768  0.043176  0.117768  0.043176
-0.356941 -0.000000 -0.000000 -0.353302 -0.403823  0.000000 -0.130572  0.072653 -0.130573  0.072653 -0.130573  0.072653
 0.006831 -0.000000 -0.000000 -0.129526  0.000000 -0.080292  0.072653 -0.005886  0.072653 -0.005886  0.072653 -0.005886
-0.356940 -0.333097 -0.000000  0.117767 -0.130572  0.072653 -0.403823  0.000000 -0.130573  0.072653 -0.130573  0.072653
 0.006831 -0.122118 -0.000000  0.043175  0.072653 -0.005886  0.000000 -0.080292  0.072653 -0.005886  0.072653 -0.005886
-0.356943  0.166550  0.288470  0.117768 -0.130573  0.072653 -0.130573  0.072653 -0.403823  0.000000 -0.130574  0.072653
 0.006830  0.061060  0.105758  0.043176  0.072653 -0.005886  0.072653 -0.005886  0.000000 -0.080292  0.072653 -0.005886
-0.356943  0.166550 -0.288470  0.117768 -0.130573  0.072653 -0.130573  0.072653 -0.130574  0.072653 -0.403823  0.000000
 0.006830  0.061060 -0.105758  0.043176  0.072653 -0.005886  0.072653 -0.005886  0.072653 -0.005886  0.000000 -0.080292
---------------------------------------------
STARTING SCF CYCLES.
---------------------------------------------

Iteration: 1
Atomic charges:
-0.160044  0.040011  0.040011  0.040011  0.040011 
E_elec, E_1, E_2, E_3: -4.340521, -4.340742, 0.000366, -0.000144
Density
 0.571206  0.000001 -0.000000  0.000000  0.233589  0.008984  0.233589  0.008984  0.233589  0.008984  0.233589  0.008984
 0.000001  0.692826 -0.000000 -0.000001  0.000000 -0.000000  0.568351  0.029537 -0.284174 -0.014769 -0.284174 -0.014769
-0.000000 -0.000000  0.692829  0.000000  0.000000  0.000000 -0.000000 -0.000000 -0.492206 -0.025580  0.492206  0.025580
 0.000000 -0.000001  0.000000  0.692827  0.602827  0.031329 -0.200942 -0.010443 -0.200942 -0.010443 -0.200942 -0.010443
 0.233589  0.000000  0.000000  0.602827  0.620041  0.030933 -0.079315 -0.005412 -0.079315 -0.005412 -0.079315 -0.005412
 0.008984 -0.000000  0.000000  0.031329  0.030933  0.001558 -0.005412 -0.000331 -0.005412 -0.000331 -0.005412 -0.000331
 0.233589  0.568351 -0.000000 -0.200942 -0.079315 -0.005412  0.620042  0.030933 -0.079315 -0.005412 -0.079315 -0.005412
 0.008984  0.029537 -0.000000 -0.010443 -0.005412 -0.000331  0.030933  0.001558 -0.005412 -0.000331 -0.005412 -0.000331
 0.233589 -0.284174 -0.492206 -0.200942 -0.079315 -0.005412 -0.079315 -0.005412  0.620040  0.030933 -0.079315 -0.005412
 0.008984 -0.014769 -0.025580 -0.010443 -0.005412 -0.000331 -0.005412 -0.000331  0.030933  0.001558 -0.005412 -0.000331
 0.233589 -0.284174  0.492206 -0.200942 -0.079315 -0.005412 -0.079315 -0.005412 -0.079315 -0.005412  0.620040  0.030933
 0.008984 -0.014769  0.025580 -0.010443 -0.005412 -0.000331 -0.005412 -0.000331 -0.005412 -0.000331  0.030933  0.001558

Iteration: 2
Atomic charges:
-0.114345  0.028586  0.028586  0.028586  0.028586 
E_elec, E_1, E_2, E_3: -4.340576, -4.340618, 0.000095, -0.000053
Del E_elec: 0.000055
Density
 0.556764  0.000001  0.000000  0.000001  0.233464  0.008586  0.233464  0.008586  0.233463  0.008586  0.233463  0.008586
 0.000001  0.682140 -0.000000 -0.000001  0.000000 -0.000000  0.568689  0.029936 -0.284344 -0.014968 -0.284344 -0.014968
 0.000000 -0.000000  0.682143  0.000000  0.000000  0.000000 -0.000000 -0.000000 -0.492499 -0.025925  0.492499  0.025925
 0.000001 -0.000001  0.000000  0.682141  0.603186  0.031752 -0.201062 -0.010584 -0.201061 -0.010584 -0.201061 -0.010584
 0.233464  0.000000  0.000000  0.603186  0.631265  0.031677 -0.079893 -0.005759 -0.079893 -0.005759 -0.079893 -0.005759
 0.008586 -0.000000  0.000000  0.031752  0.031677  0.001610 -0.005759 -0.000360 -0.005758 -0.000360 -0.005758 -0.000360
 0.233464  0.568689 -0.000000 -0.201062 -0.079893 -0.005759  0.631266  0.031677 -0.079893 -0.005759 -0.079893 -0.005759
 0.008586  0.029936 -0.000000 -0.010584 -0.005759 -0.000360  0.031677  0.001610 -0.005758 -0.000360 -0.005758 -0.000360
 0.233463 -0.284344 -0.492499 -0.201061 -0.079893 -0.005758 -0.079893 -0.005758  0.631264  0.031677 -0.079893 -0.005759
 0.008586 -0.014968 -0.025925 -0.010584 -0.005759 -0.000360 -0.005759 -0.000360  0.031677  0.001610 -0.005759 -0.000360
 0.233463 -0.284344  0.492499 -0.201061 -0.079893 -0.005758 -0.079893 -0.005758 -0.079893 -0.005759  0.631264  0.031677
 0.008586 -0.014968  0.025925 -0.010584 -0.005759 -0.000360 -0.005759 -0.000360 -0.005759 -0.000360  0.031677  0.001610
INFO: charges were damped!

Iteration: 3
Atomic charges:
-0.124345  0.031086  0.031086  0.031087  0.031087 
E_elec, E_1, E_2, E_3: -4.340597, -4.340666, 0.000137, -0.000068
Del E_elec: 0.000022
Density
 0.559926  0.000001  0.000000  0.000001  0.233499  0.008674  0.233499  0.008674  0.233498  0.008674  0.233498  0.008674
 0.000001  0.684468 -0.000000 -0.000001  0.000000 -0.000000  0.568623  0.029850 -0.284311 -0.014925 -0.284311 -0.014925
 0.000000 -0.000000  0.684470  0.000000  0.000000  0.000000 -0.000000 -0.000000 -0.492442 -0.025851  0.492442  0.025851
 0.000001 -0.000001  0.000000  0.684469  0.603116  0.031660 -0.201039 -0.010554 -0.201038 -0.010554 -0.201038 -0.010554
 0.233499  0.000000  0.000000  0.603116  0.628805  0.031515 -0.079771 -0.005682 -0.079771 -0.005682 -0.079771 -0.005682
 0.008674 -0.000000  0.000000  0.031660  0.031515  0.001599 -0.005682 -0.000354 -0.005682 -0.000354 -0.005682 -0.000354
 0.233499  0.568623 -0.000000 -0.201039 -0.079771 -0.005682  0.628805  0.031515 -0.079771 -0.005682 -0.079771 -0.005682
 0.008674  0.029850 -0.000000 -0.010554 -0.005682 -0.000354  0.031515  0.001599 -0.005682 -0.000354 -0.005682 -0.000354
 0.233498 -0.284311 -0.492442 -0.201038 -0.079771 -0.005682 -0.079771 -0.005682  0.628804  0.031515 -0.079771 -0.005682
 0.008674 -0.014925 -0.025851 -0.010554 -0.005682 -0.000354 -0.005682 -0.000354  0.031515  0.001599 -0.005682 -0.000354
 0.233498 -0.284311  0.492442 -0.201038 -0.079771 -0.005682 -0.079771 -0.005682 -0.079771 -0.005682  0.628804  0.031515
 0.008674 -0.014925  0.025851 -0.010554 -0.005682 -0.000354 -0.005682 -0.000354 -0.005682 -0.000354  0.031515  0.001599
INFO: charges were damped!

Iteration: 4
Atomic charges:
-0.138020  0.034505  0.034505  0.034505  0.034505 
E_elec, E_1, E_2, E_3: -4.340596, -4.340713, 0.000210, -0.000092
Del E_elec: 0.000001
Density
 0.564244  0.000001 -0.000000  0.000001  0.233540  0.008793  0.233540  0.008793  0.233539  0.008793  0.233539  0.008793
 0.000001  0.687662 -0.000000 -0.000001  0.000000 -0.000000  0.568526  0.029731 -0.284262 -0.014866 -0.284262 -0.014866
-0.000000 -0.000000  0.687665  0.000000  0.000000  0.000000  0.000000 -0.000000 -0.492358 -0.025748  0.492358  0.025748
 0.000001 -0.000001  0.000000  0.687663  0.603012  0.031534 -0.201004 -0.010512 -0.201004 -0.010511 -0.201004 -0.010511
 0.233540  0.000000  0.000000  0.603012  0.625443  0.031292 -0.079599 -0.005578 -0.079599 -0.005578 -0.079599 -0.005578
 0.008793 -0.000000  0.000000  0.031534  0.031292  0.001583 -0.005578 -0.000345 -0.005578 -0.000345 -0.005578 -0.000345
 0.233540  0.568526  0.000000 -0.201004 -0.079599 -0.005578  0.625444  0.031292 -0.079599 -0.005578 -0.079599 -0.005578
 0.008793  0.029731 -0.000000 -0.010512 -0.005578 -0.000345  0.031292  0.001583 -0.005578 -0.000345 -0.005578 -0.000345
 0.233539 -0.284262 -0.492358 -0.201004 -0.079599 -0.005578 -0.079599 -0.005578  0.625442  0.031292 -0.079599 -0.005578
 0.008793 -0.014866 -0.025748 -0.010511 -0.005578 -0.000345 -0.005578 -0.000345  0.031292  0.001583 -0.005578 -0.000345
 0.233539 -0.284262  0.492358 -0.201004 -0.079599 -0.005578 -0.079599 -0.005578 -0.079599 -0.005578  0.625442  0.031292
 0.008793 -0.014866  0.025748 -0.010511 -0.005578 -0.000345 -0.005578 -0.000345 -0.005578 -0.000345  0.031292  0.001583
INFO: charges were damped!

Iteration: 5
Atomic charges:
-0.131201  0.032800  0.032800  0.032800  0.032800 
E_elec, E_1, E_2, E_3: -4.340601, -4.340693, 0.000171, -0.000079
Del E_elec: 0.000005
Density
 0.562091  0.000001 -0.000000  0.000001  0.233520  0.008734  0.233520  0.008734  0.233520  0.008733  0.233520  0.008733
 0.000001  0.686068 -0.000000 -0.000001  0.000000 -0.000000  0.568575  0.029790 -0.284287 -0.014895 -0.284287 -0.014895
-0.000000 -0.000000  0.686070  0.000000  0.000000  0.000000 -0.000000 -0.000000 -0.492401 -0.025799  0.492401  0.025799
 0.000001 -0.000001  0.000000  0.686069  0.603065  0.031597 -0.201022 -0.010533 -0.201021 -0.010533 -0.201021 -0.010533
 0.233520  0.000000  0.000000  0.603065  0.627119  0.031403 -0.079685 -0.005630 -0.079685 -0.005630 -0.079685 -0.005630
 0.008734 -0.000000  0.000000  0.031597  0.031403  0.001591 -0.005630 -0.000349 -0.005630 -0.000349 -0.005630 -0.000349
 0.233520  0.568575 -0.000000 -0.201022 -0.079685 -0.005630  0.627119  0.031403 -0.079685 -0.005630 -0.079685 -0.005630
 0.008734  0.029790 -0.000000 -0.010533 -0.005630 -0.000349  0.031403  0.001591 -0.005630 -0.000349 -0.005630 -0.000349
 0.233520 -0.284287 -0.492401 -0.201021 -0.079685 -0.005630 -0.079685 -0.005630  0.627118  0.031403 -0.079685 -0.005630
 0.008733 -0.014895 -0.025799 -0.010533 -0.005630 -0.000349 -0.005630 -0.000349  0.031403  0.001591 -0.005630 -0.000349
 0.233520 -0.284287  0.492401 -0.201021 -0.079685 -0.005630 -0.079685 -0.005630 -0.079685 -0.005630  0.627118  0.031403
 0.008733 -0.014895  0.025799 -0.010533 -0.005630 -0.000349 -0.005630 -0.000349 -0.005630 -0.000349  0.031403  0.001591
INFO: charges were damped!

Iteration: 6
Atomic charges:
-0.128027  0.032007  0.032006  0.032007  0.032007 
E_elec, E_1, E_2, E_3: -4.340600, -4.340681, 0.000154, -0.000074
Del E_elec: 0.000001
Density
 0.561089  0.000001  0.000000  0.000000  0.233511  0.008706  0.233511  0.008706  0.233510  0.008706  0.233510  0.008706
 0.000001  0.685327  0.000000 -0.000001  0.000000 -0.000000  0.568598  0.029818 -0.284298 -0.014909 -0.284298 -0.014909
 0.000000  0.000000  0.685329 -0.000000 -0.000000  0.000000  0.000000 -0.000000 -0.492420 -0.025823  0.492420  0.025823
 0.000000 -0.000001 -0.000000  0.685327  0.603089  0.031627 -0.201030 -0.010542 -0.201029 -0.010542 -0.201029 -0.010542
 0.233511  0.000000 -0.000000  0.603089  0.627899  0.031455 -0.079725 -0.005654 -0.079725 -0.005654 -0.079725 -0.005654
 0.008706 -0.000000  0.000000  0.031627  0.031455  0.001595 -0.005654 -0.000351 -0.005654 -0.000351 -0.005654 -0.000351
 0.233511  0.568598  0.000000 -0.201030 -0.079725 -0.005654  0.627900  0.031455 -0.079725 -0.005654 -0.079725 -0.005654
 0.008706  0.029818 -0.000000 -0.010542 -0.005654 -0.000351  0.031455  0.001595 -0.005654 -0.000351 -0.005654 -0.000351
 0.233510 -0.284298 -0.492420 -0.201029 -0.079725 -0.005654 -0.079725 -0.005654  0.627898  0.031455 -0.079725 -0.005654
 0.008706 -0.014909 -0.025823 -0.010542 -0.005654 -0.000351 -0.005654 -0.000351  0.031455  0.001595 -0.005654 -0.000351
 0.233510 -0.284298  0.492420 -0.201029 -0.079725 -0.005654 -0.079725 -0.005654 -0.079725 -0.005654  0.627898  0.031455
 0.008706 -0.014909  0.025823 -0.010542 -0.005654 -0.000351 -0.005654 -0.000351 -0.005654 -0.000351  0.031455  0.001595

---------------------------------------------
CONVERGENCE REACHED ON STEP 6.
---------------------------------------------

Final atomic charges:
-0.128027  0.032007  0.032006  0.032007  0.032007 
Final orbital energies:
-0.626371 -0.512456 -0.512456 -0.512456 -0.145653 -0.059204 -0.059204 -0.059204  0.269742  0.269747  0.269747  0.515452 
Final orbital coefficients:
-0.529664  0.000002  0.000000 -0.000000 -0.541117 -0.000000 -0.000000  0.000000  0.000006 -0.000000  0.000027  1.338033
 0.000001  0.480375  0.334508 -0.002763 -0.000003 -0.073273  0.007319 -0.000001  0.694177 -0.000571  0.839485 -0.000028
 0.000000  0.000007 -0.004844 -0.585356  0.000000 -0.000001 -0.000001  0.073634 -0.000001 -1.089320 -0.000740  0.000000
 0.000000  0.334520 -0.480359  0.003980 -0.000001 -0.007318 -0.073273 -0.000001 -0.839483 -0.000471  0.694179 -0.000014
-0.220432  0.294378 -0.422716  0.003502  0.161560  0.035258  0.353011  0.000007  0.749058  0.000420 -0.619420 -0.586726
-0.008218  0.015437 -0.022168  0.000184 -0.398588 -0.085140 -0.852420 -0.000017  0.235316  0.000132 -0.194596 -0.348003
-0.220431  0.300429  0.418438 -0.003459  0.161560  0.321070 -0.150913  0.000002 -0.833671  0.000341 -0.499767 -0.586719
-0.008218  0.015755  0.021943 -0.000181 -0.398588 -0.775290  0.364410 -0.000005 -0.261900  0.000107 -0.157007 -0.348001
-0.220433 -0.297407  0.005620  0.420566  0.161558 -0.178168 -0.101054  0.289661  0.042300 -0.794007  0.559028 -0.586753
-0.008218 -0.015596  0.000295  0.022055 -0.398590  0.430224  0.244018 -0.699451  0.013288 -0.249435  0.175614 -0.348012
-0.220433 -0.297397 -0.001342 -0.420609  0.161558 -0.178159 -0.101044 -0.289670  0.042301  0.793246  0.560107 -0.586753
-0.008218 -0.015596 -0.000070 -0.022057 -0.398590  0.430203  0.243992  0.699472  0.013288  0.249196  0.175953 -0.348012
E_elec, E_1, E_2, E_3: -4.340600, -4.340681, 0.000154, -0.000074
Repulsion and dispersion energies: 0.066806, -0.000455
Final total energy: -4.274249 Hartree (-116.308230 eV)