---------------------------------------------
GFN1-xTB CALCULATION.
---------------------------------------------

Overlap (S)
 1.000000  0.000000  0.000000  0.000000  0.454547 -0.010584  0.454546 -0.010584  0.454549 -0.010583  0.454549 -0.010583
 0.000000  1.000000  0.000000  0.000000  0.000000  0.000000  0.413544  0.213330 -0.206774 -0.106666 -0.206774 -0.106666
 0.000000  0.000000  1.000000  0.000000  0.000000  0.000000  0.000000  0.000000 -0.358140 -0.184749  0.358140  0.184749
 0.000000  0.000000  0.000000  1.000000  0.438630  0.226270 -0.146210 -0.075423 -0.146211 -0.075424 -0.146211 -0.075424
 0.454547  0.000000  0.000000  0.438630  1.000000  0.000000  0.182061 -0.127723  0.182062 -0.127723  0.182062 -0.127723
-0.010584  0.000000  0.000000  0.226270  0.000000  1.000000 -0.127723  0.025721 -0.127723  0.025721 -0.127723  0.025721
 0.454546  0.413544  0.000000 -0.146210  0.182061 -0.127723  1.000000  0.000000  0.182062 -0.127723  0.182062 -0.127723
-0.010584  0.213330  0.000000 -0.075423 -0.127723  0.025721  0.000000  1.000000 -0.127723  0.025721 -0.127723  0.025721
 0.454549 -0.206774 -0.358140 -0.146211  0.182062 -0.127723  0.182062 -0.127723  1.000000  0.000000  0.182064 -0.127723
-0.010583 -0.106666 -0.184749 -0.075424 -0.127723  0.025721 -0.127723  0.025721  0.000000  1.000000 -0.127723  0.025722
 0.454549 -0.206774  0.358140 -0.146211  0.182062 -0.127723  0.182062 -0.127723  0.182064 -0.127723  1.000000  0.000000
-0.010583 -0.106666  0.184749 -0.075424 -0.127723  0.025721 -0.127723  0.025721 -0.127723  0.025722  0.000000  1.000000

S^(-1/2)
 1.416387 -0.000002 -0.000000 -0.000001 -0.289603 -0.074250 -0.289602 -0.074250 -0.289605 -0.074251 -0.289605 -0.074251
-0.000002  1.174833 -0.000000  0.000001 -0.000000  0.000000 -0.301351 -0.110308  0.150677  0.055155  0.150677  0.055155
-0.000000 -0.000000  1.174833  0.000000  0.000000  0.000000 -0.000000 -0.000000  0.260979  0.095530 -0.260979 -0.095530
-0.000001  0.000001  0.000000  1.174832 -0.319631 -0.117000  0.106543  0.039000  0.106545  0.039000  0.106545  0.039000
-0.289603 -0.000000  0.000000 -0.319631  1.245907  0.042431 -0.036580  0.059985 -0.036581  0.059985 -0.036581  0.059985
-0.074250  0.000000  0.000000 -0.117000  0.042431  1.037318  0.059985 -0.004421  0.059985 -0.004421  0.059985 -0.004421
-0.289602 -0.301351 -0.000000  0.106543 -0.036580  0.059985  1.245907  0.042430 -0.036581  0.059985 -0.036581  0.059985
-0.074250 -0.110308 -0.000000  0.039000  0.059985 -0.004421  0.042430  1.037318  0.059985 -0.004421  0.059985 -0.004421
-0.289605  0.150677  0.260979  0.106545 -0.036581  0.059985 -0.036581  0.059985  1.245910  0.042431 -0.036581  0.059986
-0.074251  0.055155  0.095530  0.039000  0.059985 -0.004421  0.059985 -0.004421  0.042431  1.037319  0.059986 -0.004421
-0.289605  0.150677 -0.260979  0.106545 -0.036581  0.059985 -0.036581  0.059985 -0.036581  0.059986  1.245910  0.042431
-0.074251  0.055155 -0.095530  0.039000  0.059985 -0.004421  0.059985 -0.004421  0.059986 -0.004421  0.042431  1.037319

Zero-th order Hamiltonian
-0.511221  0.000000  0.000000  0.000000 -0.356941  0.006831 -0.356940  0.006831 -0.356943  0.006830 -0.356943  0.006830
 0.000000 -0.365031  0.000000  0.000000 -0.000000 -0.000000 -0.333097 -0.122118  0.166550  0.061060  0.166550  0.061060
 0.000000  0.000000 -0.365031  0.000000 -0.000000 -0.000000 -0.000000 -0.000000  0.288470  0.105758 -0.288470 -0.105758
 0.000000  0.000000  0.000000 -0.365031 -0.353302 -0.129526  0.117767  0.043175  0.117768  0.043176  0.117768  0.043176
-0.356941 -0.000000 -0.000000 -0.353302 -0.403823  0.000000 -0.130572  0.072653 -0.130573  0.072653 -0.130573  0.072653
 0.006831 -0.000000 -0.000000 -0.129526  0.000000 -0.080292  0.072653 -0.005886  0.072653 -0.005886  0.072653 -0.005886
-0.356940 -0.333097 -0.000000  0.117767 -0.130572  0.072653 -0.403823  0.000000 -0.130573  0.072653 -0.130573  0.072653
 0.006831 -0.122118 -0.000000  0.043175  0.072653 -0.005886  0.000000 -0.080292  0.072653 -0.005886  0.072653 -0.005886
-0.356943  0.166550  0.288470  0.117768 -0.130573  0.072653 -0.130573  0.072653 -0.403823  0.000000 -0.130574  0.072653
 0.006830  0.061060  0.105758  0.043176  0.072653 -0.005886  0.072653 -0.005886  0.000000 -0.080292  0.072653 -0.005886
-0.356943  0.166550 -0.288470  0.117768 -0.130573  0.072653 -0.130573  0.072653 -0.130574  0.072653 -0.403823  0.000000
 0.006830  0.061060 -0.105758  0.043176  0.072653 -0.005886  0.072653 -0.005886  0.072653 -0.005886  0.000000 -0.080292

---------------------------------------------
STARTING SCF CYCLES.
---------------------------------------------

Iteration: 1
Atomic charges:
-0.160044  0.040011  0.040011  0.040011  0.040011 
E_elec, E_1, E_2, E_3: -4.340521, -4.340742, 0.000366, -0.000144
Density
 0.571206  0.000001 -0.000000  0.000000  0.233589  0.008984  0.233589  0.008984  0.233589  0.008984  0.233589  0.008984
 0.000001  0.692826 -0.000000 -0.000001  0.000000 -0.000000  0.568351  0.029537 -0.284174 -0.014769 -0.284174 -0.014769
-0.000000 -0.000000  0.692829  0.000000  0.000000  0.000000 -0.000000 -0.000000 -0.492206 -0.025580  0.492206  0.025580
 0.000000 -0.000001  0.000000  0.692827  0.602827  0.031329 -0.200942 -0.010443 -0.200942 -0.010443 -0.200942 -0.010443
 0.233589  0.000000  0.000000  0.602827  0.620041  0.030933 -0.079315 -0.005412 -0.079315 -0.005412 -0.079315 -0.005412
 0.008984 -0.000000  0.000000  0.031329  0.030933  0.001558 -0.005412 -0.000331 -0.005412 -0.000331 -0.005412 -0.000331
 0.233589  0.568351 -0.000000 -0.200942 -0.079315 -0.005412  0.620042  0.030933 -0.079315 -0.005412 -0.079315 -0.005412
 0.008984  0.029537 -0.000000 -0.010443 -0.005412 -0.000331  0.030933  0.001558 -0.005412 -0.000331 -0.005412 -0.000331
 0.233589 -0.284174 -0.492206 -0.200942 -0.079315 -0.005412 -0.079315 -0.005412  0.620040  0.030933 -0.079315 -0.005412
 0.008984 -0.014769 -0.025580 -0.010443 -0.005412 -0.000331 -0.005412 -0.000331  0.030933  0.001558 -0.005412 -0.000331
 0.233589 -0.284174  0.492206 -0.200942 -0.079315 -0.005412 -0.079315 -0.005412 -0.079315 -0.005412  0.620040  0.030933
 0.008984 -0.014769  0.025580 -0.010443 -0.005412 -0.000331 -0.005412 -0.000331 -0.005412 -0.000331  0.030933  0.001558
INFO: charges were damped!

Iteration: 2
Atomic charges:
-0.136321  0.034080  0.034080  0.034081  0.034081 
E_elec, E_1, E_2, E_3: -4.340598, -4.340709, 0.000200, -0.000089
Del E_elec: 0.000077
Density
 0.563801  0.000001  0.000000  0.000000  0.233536  0.008781  0.233536  0.008781  0.233535  0.008781  0.233535  0.008781
 0.000001  0.687232 -0.000000 -0.000001  0.000000 -0.000000  0.568539  0.029747 -0.284269 -0.014874 -0.284269 -0.014874
 0.000000 -0.000000  0.687235 -0.000000 -0.000000  0.000000  0.000000 -0.000000 -0.492369 -0.025762  0.492369  0.025762
 0.000000 -0.000001 -0.000000  0.687233  0.603027  0.031551 -0.201009 -0.010517 -0.201008 -0.010517 -0.201008 -0.010517
 0.233536  0.000000 -0.000000  0.603027  0.625872  0.031323 -0.079645 -0.005591 -0.079645 -0.005591 -0.079645 -0.005591
 0.008781 -0.000000  0.000000  0.031551  0.031323  0.001585 -0.005591 -0.000346 -0.005591 -0.000346 -0.005591 -0.000346
 0.233536  0.568539  0.000000 -0.201009 -0.079645 -0.005591  0.625873  0.031323 -0.079645 -0.005591 -0.079645 -0.005591
 0.008781  0.029747 -0.000000 -0.010517 -0.005591 -0.000346  0.031323  0.001585 -0.005591 -0.000346 -0.005591 -0.000346
 0.233535 -0.284269 -0.492369 -0.201008 -0.079645 -0.005591 -0.079645 -0.005591  0.625871  0.031323 -0.079645 -0.005591
 0.008781 -0.014874 -0.025762 -0.010517 -0.005591 -0.000346 -0.005591 -0.000346  0.031323  0.001585 -0.005591 -0.000346
 0.233535 -0.284269  0.492369 -0.201008 -0.079645 -0.005591 -0.079645 -0.005591 -0.079645 -0.005591  0.625871  0.031323
 0.008781 -0.014874  0.025762 -0.010517 -0.005591 -0.000346 -0.005591 -0.000346 -0.005591 -0.000346  0.031323  0.001585
INFO: charges were damped!

Iteration: 3
Atomic charges:
-0.119460  0.029865  0.029865  0.029865  0.029865 
E_elec, E_1, E_2, E_3: -4.340589, -4.340644, 0.000115, -0.000060
Del E_elec: 0.000009
Density
 0.558382  0.000001  0.000000  0.000001  0.233482  0.008631  0.233482  0.008631  0.233482  0.008631  0.233482  0.008631
 0.000001  0.683330 -0.000000 -0.000001  0.000000 -0.000000  0.568656  0.029892 -0.284327 -0.014946 -0.284327 -0.014946
 0.000000 -0.000000  0.683332  0.000000  0.000000  0.000000 -0.000000 -0.000000 -0.492470 -0.025887  0.492470  0.025887
 0.000001 -0.000001  0.000000  0.683331  0.603150  0.031705 -0.201050 -0.010569 -0.201050 -0.010568 -0.201050 -0.010568
 0.233482  0.000000  0.000000  0.603150  0.630007  0.031594 -0.079831 -0.005719 -0.079831 -0.005719 -0.079831 -0.005719
 0.008631 -0.000000  0.000000  0.031705  0.031594  0.001604 -0.005720 -0.000357 -0.005719 -0.000357 -0.005719 -0.000357
 0.233482  0.568656 -0.000000 -0.201050 -0.079831 -0.005720  0.630007  0.031594 -0.079831 -0.005719 -0.079831 -0.005719
 0.008631  0.029892 -0.000000 -0.010569 -0.005719 -0.000357  0.031594  0.001604 -0.005719 -0.000357 -0.005719 -0.000357
 0.233482 -0.284327 -0.492470 -0.201050 -0.079831 -0.005719 -0.079831 -0.005719  0.630006  0.031594 -0.079831 -0.005719
 0.008631 -0.014946 -0.025887 -0.010568 -0.005719 -0.000357 -0.005719 -0.000357  0.031594  0.001604 -0.005719 -0.000357
 0.233482 -0.284327  0.492470 -0.201050 -0.079831 -0.005719 -0.079831 -0.005719 -0.079831 -0.005719  0.630006  0.031594
 0.008631 -0.014946  0.025887 -0.010568 -0.005719 -0.000357 -0.005719 -0.000357 -0.005719 -0.000357  0.031594  0.001604
INFO: charges were damped!

Iteration: 4
Atomic charges:
-0.131337  0.032834  0.032834  0.032834  0.032834 
E_elec, E_1, E_2, E_3: -4.340601, -4.340693, 0.000172, -0.000080
Del E_elec: 0.000012
Density
 0.562134  0.000001  0.000000  0.000001  0.233521  0.008735  0.233521  0.008735  0.233520  0.008735  0.233520  0.008735
 0.000001  0.686100  0.000000 -0.000001  0.000000 -0.000000  0.568574  0.029789 -0.284286 -0.014895 -0.284286 -0.014895
 0.000000  0.000000  0.686102 -0.000000 -0.000000  0.000000  0.000000 -0.000000 -0.492400 -0.025798  0.492400  0.025798
 0.000001 -0.000001 -0.000000  0.686100  0.603064  0.031596 -0.201021 -0.010532 -0.201021 -0.010532 -0.201021 -0.010532
 0.233521  0.000000 -0.000000  0.603064  0.627086  0.031401 -0.079684 -0.005629 -0.079684 -0.005629 -0.079684 -0.005629
 0.008735 -0.000000  0.000000  0.031596  0.031401  0.001591 -0.005629 -0.000349 -0.005629 -0.000349 -0.005629 -0.000349
 0.233521  0.568574  0.000000 -0.201021 -0.079684 -0.005629  0.627086  0.031401 -0.079684 -0.005629 -0.079684 -0.005629
 0.008735  0.029789 -0.000000 -0.010532 -0.005629 -0.000349  0.031401  0.001591 -0.005629 -0.000349 -0.005629 -0.000349
 0.233520 -0.284286 -0.492400 -0.201021 -0.079684 -0.005629 -0.079684 -0.005629  0.627085  0.031401 -0.079684 -0.005629
 0.008735 -0.014895 -0.025798 -0.010532 -0.005629 -0.000349 -0.005629 -0.000349  0.031401  0.001591 -0.005629 -0.000349
 0.233520 -0.284286  0.492400 -0.201021 -0.079684 -0.005629 -0.079684 -0.005629 -0.079684 -0.005629  0.627085  0.031401
 0.008735 -0.014895  0.025798 -0.010532 -0.005629 -0.000349 -0.005629 -0.000349 -0.005629 -0.000349  0.031401  0.001591
INFO: charges were damped!

Iteration: 5
Atomic charges:
-0.134504  0.033626  0.033626  0.033626  0.033626 
E_elec, E_1, E_2, E_3: -4.340600, -4.340703, 0.000189, -0.000085
Del E_elec: 0.000001
Density
 0.563134  0.000001 -0.000000  0.000001  0.233530  0.008762  0.233530  0.008762  0.233530  0.008762  0.233530  0.008762
 0.000001  0.686840 -0.000000 -0.000001  0.000000 -0.000000  0.568551  0.029762 -0.284275 -0.014881 -0.284275 -0.014881
-0.000000 -0.000000  0.686842  0.000000  0.000000  0.000000 -0.000000 -0.000000 -0.492380 -0.025775  0.492380  0.025775
 0.000001 -0.000001  0.000000  0.686840  0.603040  0.031567 -0.201013 -0.010522 -0.201013 -0.010522 -0.201013 -0.010522
 0.233530  0.000000  0.000000  0.603040  0.626307  0.031349 -0.079644 -0.005605 -0.079644 -0.005605 -0.079644 -0.005605
 0.008762 -0.000000  0.000000  0.031567  0.031349  0.001587 -0.005605 -0.000347 -0.005605 -0.000347 -0.005605 -0.000347
 0.233530  0.568551 -0.000000 -0.201013 -0.079644 -0.005605  0.626308  0.031349 -0.079644 -0.005605 -0.079644 -0.005605
 0.008762  0.029762 -0.000000 -0.010522 -0.005605 -0.000347  0.031349  0.001587 -0.005605 -0.000347 -0.005605 -0.000347
 0.233530 -0.284275 -0.492380 -0.201013 -0.079644 -0.005605 -0.079644 -0.005605  0.626306  0.031349 -0.079644 -0.005605
 0.008762 -0.014881 -0.025775 -0.010522 -0.005605 -0.000347 -0.005605 -0.000347  0.031349  0.001587 -0.005605 -0.000347
 0.233530 -0.284275  0.492380 -0.201013 -0.079644 -0.005605 -0.079644 -0.005605 -0.079644 -0.005605  0.626306  0.031349
 0.008762 -0.014881  0.025775 -0.010522 -0.005605 -0.000347 -0.005605 -0.000347 -0.005605 -0.000347  0.031349  0.001587
INFO: charges were damped!

Iteration: 6
Atomic charges:
-0.129578  0.032394  0.032394  0.032395  0.032395 
E_elec, E_1, E_2, E_3: -4.340601, -4.340687, 0.000162, -0.000076
Del E_elec: 0.000001
Density
 0.561579  0.000001 -0.000000  0.000001  0.233515  0.008719  0.233516  0.008720  0.233515  0.008719  0.233515  0.008719
 0.000001  0.685689 -0.000000 -0.000001  0.000000 -0.000000  0.568587  0.029804 -0.284292 -0.014902 -0.284292 -0.014902
-0.000000 -0.000000  0.685691  0.000000  0.000000  0.000000 -0.000000 -0.000000 -0.492411 -0.025812  0.492411  0.025812
 0.000001 -0.000001  0.000000  0.685690  0.603077  0.031612 -0.201026 -0.010538 -0.201025 -0.010537 -0.201025 -0.010537
 0.233515  0.000000  0.000000  0.603077  0.627518  0.031429 -0.079706 -0.005642 -0.079706 -0.005642 -0.079706 -0.005642
 0.008719 -0.000000  0.000000  0.031612  0.031429  0.001593 -0.005642 -0.000350 -0.005642 -0.000350 -0.005642 -0.000350
 0.233516  0.568587 -0.000000 -0.201026 -0.079706 -0.005642  0.627518  0.031429 -0.079706 -0.005642 -0.079706 -0.005642
 0.008720  0.029804 -0.000000 -0.010538 -0.005642 -0.000350  0.031429  0.001593 -0.005642 -0.000350 -0.005642 -0.000350
 0.233515 -0.284292 -0.492411 -0.201025 -0.079706 -0.005642 -0.079706 -0.005642  0.627517  0.031430 -0.079706 -0.005642
 0.008719 -0.014902 -0.025812 -0.010537 -0.005642 -0.000350 -0.005642 -0.000350  0.031430  0.001593 -0.005642 -0.000350
 0.233515 -0.284292  0.492411 -0.201025 -0.079706 -0.005642 -0.079706 -0.005642 -0.079706 -0.005642  0.627517  0.031430
 0.008719 -0.014902  0.025812 -0.010537 -0.005642 -0.000350 -0.005642 -0.000350 -0.005642 -0.000350  0.031430  0.001593
INFO: charges were damped!

Iteration: 7
Atomic charges:
-0.129619  0.032405  0.032404  0.032405  0.032405 
E_elec, E_1, E_2, E_3: -4.340601, -4.340687, 0.000163, -0.000077
Del E_elec: 0.000000
Density
 0.561592  0.000001  0.000000  0.000001  0.233516  0.008720  0.233516  0.008720  0.233515  0.008720  0.233515  0.008720
 0.000001  0.685698  0.000000 -0.000001  0.000000 -0.000000  0.568586  0.029804 -0.284292 -0.014902 -0.284292 -0.014902
 0.000000  0.000000  0.685701 -0.000000 -0.000000  0.000000  0.000000 -0.000000 -0.492410 -0.025811  0.492410  0.025811
 0.000001 -0.000001 -0.000000  0.685699  0.603077  0.031612 -0.201026 -0.010538 -0.201025 -0.010537 -0.201025 -0.010537
 0.233516  0.000000 -0.000000  0.603077  0.627508  0.031429 -0.079705 -0.005642 -0.079705 -0.005642 -0.079705 -0.005642
 0.008720 -0.000000  0.000000  0.031612  0.031429  0.001593 -0.005642 -0.000350 -0.005642 -0.000350 -0.005642 -0.000350
 0.233516  0.568586  0.000000 -0.201026 -0.079705 -0.005642  0.627508  0.031429 -0.079705 -0.005642 -0.079705 -0.005642
 0.008720  0.029804 -0.000000 -0.010538 -0.005642 -0.000350  0.031429  0.001593 -0.005642 -0.000350 -0.005642 -0.000350
 0.233515 -0.284292 -0.492410 -0.201025 -0.079705 -0.005642 -0.079705 -0.005642  0.627507  0.031429 -0.079705 -0.005642
 0.008720 -0.014902 -0.025811 -0.010537 -0.005642 -0.000350 -0.005642 -0.000350  0.031429  0.001593 -0.005642 -0.000350
 0.233515 -0.284292  0.492410 -0.201025 -0.079705 -0.005642 -0.079705 -0.005642 -0.079705 -0.005642  0.627507  0.031429
 0.008720 -0.014902  0.025811 -0.010537 -0.005642 -0.000350 -0.005642 -0.000350 -0.005642 -0.000350  0.031429  0.001593

---------------------------------------------
CONVERGENCE REACHED ON STEP 7.
---------------------------------------------

Final atomic charges:
-0.129619  0.032405  0.032404  0.032405  0.032405 
Final orbital energies:
-0.626556 -0.512637 -0.512637 -0.512637 -0.145763 -0.059291 -0.059290 -0.059290  0.269571  0.269577  0.269577  0.515290 
Final orbital coefficients:
-0.529902  0.000002  0.000000 -0.000000 -0.541142 -0.000000  0.000000  0.000000  0.000006 -0.000000  0.000027  1.337929
 0.000001  0.480413  0.334730 -0.002876 -0.000003 -0.073216 -0.008181 -0.000001  0.694115 -0.000577  0.839423 -0.000028
 0.000000  0.000009 -0.005043 -0.585513  0.000000 -0.000001  0.000002  0.073669 -0.000001 -1.089232 -0.000748  0.000000
 0.000001  0.334743 -0.480395  0.004143 -0.000001 -0.008180  0.073216 -0.000002 -0.839421 -0.000476  0.694117 -0.000014
-0.220338  0.294409 -0.422511  0.003644  0.161631  0.039400 -0.352633  0.000008  0.749107  0.000425 -0.619452 -0.586742
-0.008228  0.015432 -0.022147  0.000191 -0.398562 -0.095124  0.851348 -0.000020  0.235351  0.000133 -0.194622 -0.348032
-0.220337  0.300226  0.418398 -0.003600  0.161631  0.319333  0.154692  0.000003 -0.833717  0.000344 -0.499802 -0.586735
-0.008228  0.015737  0.021932 -0.000189 -0.398562 -0.770951 -0.373465 -0.000007 -0.261936  0.000108 -0.157031 -0.348030
-0.220339 -0.297322  0.005679  0.420442  0.161629 -0.179372  0.098977  0.289708  0.042298 -0.794058  0.559056 -0.586769
-0.008228 -0.015585  0.000298  0.022039 -0.398564  0.433051 -0.238956 -0.699435  0.013288 -0.249472  0.175637 -0.348041
-0.220339 -0.297310 -0.001565 -0.420486  0.161629 -0.179360  0.098964 -0.289720  0.042300  0.793289  0.560146 -0.586769
-0.008228 -0.015584 -0.000082 -0.022041 -0.398564  0.433022 -0.238926  0.699463  0.013289  0.249230  0.175980 -0.348041
E_elec, E_1, E_2, E_3: -4.340601, -4.340687, 0.000163, -0.000077
Repulsion and dispersion energies: 0.066806, -0.000455
Final total energy: -4.2742494 Hartree (-116.3082450 eV)