---------------------------------------------
GFN1-xTB CALCULATION.
---------------------------------------------

Overlap (S)
 1.000000 -0.000000  0.000000  0.000000  0.213526  0.303897  0.000000  0.000000  0.069090 -0.102190  0.069109 -0.102199  0.070052 -0.102590  0.455786  0.048465
-0.000000  1.000000  0.000000  0.000000 -0.263362 -0.296031  0.000000  0.000000 -0.074860  0.031361 -0.074880  0.031349 -0.075642  0.030689  0.118805  0.065458
 0.000000  0.000000  1.000000  0.000000  0.000000  0.000000  0.134499  0.000000 -0.032321  0.013540 -0.008186  0.003427  0.041795 -0.016957 -0.366105 -0.201713
 0.000000  0.000000  0.000000  1.000000  0.000000  0.000000  0.000000  0.134499  0.028799 -0.012065 -0.042519  0.017801  0.014145 -0.005739 -0.123920 -0.068276
 0.213526 -0.263362  0.000000  0.000000  1.000000 -0.000000  0.000000  0.000000  0.452283 -0.011641  0.452363 -0.011603  0.452475 -0.011551  0.121001 -0.121940
 0.303897 -0.296031  0.000000  0.000000 -0.000000  1.000000  0.000000  0.000000 -0.146177 -0.075426 -0.146171 -0.075422 -0.142254 -0.073401  0.135112 -0.018579
 0.000000  0.000000  0.134499  0.000000  0.000000  0.000000  1.000000  0.000000 -0.307720 -0.158780 -0.077928 -0.040210  0.391810  0.202166 -0.069910  0.009613
 0.000000  0.000000  0.000000  0.134499  0.000000  0.000000  0.000000  1.000000  0.274187  0.141478 -0.404771 -0.208856  0.132605  0.068422 -0.023663  0.003254
 0.069090 -0.074860 -0.032321  0.028799  0.452283 -0.146177 -0.307720  0.274187  1.000000  0.000000  0.178658 -0.127850  0.180775 -0.127776  0.082122 -0.106158
-0.102190  0.031361  0.013540 -0.012065 -0.011641 -0.075426 -0.158780  0.141478  0.000000  1.000000 -0.127850  0.024925 -0.127776  0.025415 -0.106158  0.023592
 0.069109 -0.074880 -0.008186 -0.042519  0.452363 -0.146171 -0.077928 -0.404771  0.178658 -0.127850  1.000000  0.000000  0.180811 -0.127775  0.082137 -0.106167
-0.102199  0.031349  0.003427  0.017801 -0.011603 -0.075422 -0.040210 -0.208856 -0.127850  0.024925  0.000000  1.000000 -0.127775  0.025423 -0.106167  0.023589
 0.070052 -0.075642  0.041795  0.014145  0.452475 -0.142254  0.391810  0.132605  0.180775 -0.127776  0.180811 -0.127775  1.000000  0.000000  0.032117 -0.061356
-0.102590  0.030689 -0.016957 -0.005739 -0.011551 -0.073401  0.202166  0.068422 -0.127776  0.025415 -0.127775  0.025423  0.000000  1.000000 -0.061356  0.035813
 0.455786  0.118805 -0.366105 -0.123920  0.121001  0.135112 -0.069910 -0.023663  0.082122 -0.106158  0.082137 -0.106167  0.032117 -0.061356  1.000000  0.000000
 0.048465  0.065458 -0.201713 -0.068276 -0.121940 -0.018579  0.009613  0.003254 -0.106158  0.023592 -0.106167  0.023589 -0.061356  0.035813  0.000000  1.000000

S^(-1/2)
 1.174921 -0.036958 -0.092754 -0.031396 -0.122089 -0.171891 -0.006088 -0.002059 -0.005173  0.031636 -0.005175  0.031643 -0.006968  0.042731 -0.288410 -0.064188
-0.036958  1.089962 -0.033773 -0.011432  0.159445  0.190820 -0.002129 -0.000721  0.010172 -0.015314  0.010174 -0.015314  0.009083 -0.011315 -0.105554 -0.022462
-0.092754 -0.033773  1.101571  0.031635 -0.004211 -0.008164 -0.070423  0.001615  0.001350 -0.005106  0.001419  0.006960 -0.000194  0.022132  0.256764  0.125465
-0.031396 -0.011432  0.031635  1.018817 -0.001425 -0.002763  0.001615 -0.074647  0.000571  0.018133  0.000368 -0.017504 -0.000066  0.007490  0.086910  0.042468
-0.122089  0.159445 -0.004211 -0.001425  1.366364 -0.041209  0.000563  0.000138 -0.285653 -0.065706 -0.285746 -0.065741 -0.288146 -0.064749 -0.037196  0.036975
-0.171891  0.190820 -0.008164 -0.002763 -0.041209  1.133688 -0.000866 -0.000282  0.109150  0.043690  0.109161  0.043691  0.104436  0.044258 -0.045965  0.022884
-0.006088 -0.002129 -0.070423  0.001615  0.000563 -0.000866  1.181879 -0.000468  0.222788  0.084618  0.055762  0.021849 -0.284963 -0.106735  0.021427 -0.006140
-0.002059 -0.000721  0.001615 -0.074647  0.000138 -0.000282 -0.000468  1.183152 -0.199607 -0.074703  0.293965  0.110768 -0.096445 -0.036119  0.007252 -0.002075
-0.005173  0.010172  0.001350  0.000571 -0.285653  0.109150  0.222788 -0.199607  1.238861  0.042667 -0.040312  0.059941 -0.042485  0.061283 -0.018520  0.039190
 0.031636 -0.015314 -0.005106  0.018133 -0.065706  0.043690  0.084618 -0.074703  0.042667  1.038901  0.059938 -0.003651  0.061683 -0.005200  0.044870 -0.007462
-0.005175  0.010174  0.001419  0.000368 -0.285746  0.109161  0.055762  0.293965 -0.040312  0.059938  1.238959  0.042694 -0.042494  0.061289 -0.018525  0.039195
 0.031643 -0.015314  0.006960 -0.017504 -0.065741  0.043691  0.021849  0.110768  0.059941 -0.003651  0.042694  1.038912  0.061691 -0.005202  0.044876 -0.007461
-0.006968  0.009083 -0.000194 -0.000066 -0.288146  0.104436 -0.284963 -0.096445 -0.042485  0.061683 -0.042494  0.061691  1.236852  0.043905 -0.005048  0.009932
 0.042731 -0.011315  0.022132  0.007490 -0.064749  0.044258 -0.106735 -0.036119  0.061283 -0.005200  0.061289 -0.005202  0.043905  1.037056  0.012410 -0.008885
-0.288410 -0.105554  0.256764  0.086910 -0.037196 -0.045965  0.021427  0.007252 -0.018520  0.044870 -0.018525  0.044876 -0.005048  0.012410  1.214860  0.053372
-0.064188 -0.022462  0.125465  0.042468  0.036975  0.022884 -0.006140 -0.002075  0.039190 -0.007462  0.039195 -0.007461  0.009932 -0.008885  0.053372  1.036153

Zero-th order Hamiltonian
-0.870144  0.000000  0.000000  0.000000 -0.217028 -0.337162 -0.000000 -0.000000 -0.064353  0.091185 -0.064371  0.091193 -0.065278  0.091581 -0.457922 -0.046646
 0.000000 -0.653394  0.000000  0.000000  0.281312  0.324767 -0.000000 -0.000000  0.076115 -0.027424  0.076135 -0.027414  0.076920 -0.026840 -0.123433 -0.058489
 0.000000  0.000000 -0.653394  0.000000 -0.000000 -0.000000 -0.147555 -0.000000  0.032863 -0.011840  0.008323 -0.002997 -0.042501  0.014830  0.380366  0.180237
 0.000000  0.000000  0.000000 -0.653394 -0.000000 -0.000000 -0.000000 -0.147555 -0.029282  0.010550  0.043232 -0.015566 -0.014384  0.005019  0.128747  0.061007
-0.217028  0.281312 -0.000000 -0.000000 -0.511256  0.000000  0.000000  0.000000 -0.355129  0.007512 -0.355194  0.007488 -0.355285  0.007454 -0.092581  0.076677
-0.337162  0.324767 -0.000000 -0.000000  0.000000 -0.365018  0.000000  0.000000  0.117741  0.043176  0.117736  0.043174  0.114582  0.042017 -0.109127  0.010664
-0.000000 -0.000000 -0.147555 -0.000000  0.000000  0.000000 -0.365018  0.000000  0.247859  0.090891  0.062769  0.023017 -0.315591 -0.115726  0.056465 -0.005518
-0.000000 -0.000000 -0.000000 -0.147555  0.000000  0.000000  0.000000 -0.365018 -0.220849 -0.080986  0.326031  0.119556 -0.106810 -0.039167  0.019112 -0.001868
-0.064353  0.076115  0.032863 -0.029282 -0.355129  0.117741  0.247859 -0.220849 -0.403826  0.000000 -0.128133  0.072726 -0.129651  0.072684 -0.058900  0.060388
 0.091185 -0.027424 -0.011840  0.010550  0.007512  0.043176  0.090891 -0.080986  0.000000 -0.080293  0.072726 -0.005704  0.072684 -0.005816  0.060390 -0.005399
-0.064371  0.076135  0.008323  0.043232 -0.355194  0.117736  0.062769  0.326031 -0.128133  0.072726 -0.403826  0.000000 -0.129677  0.072684 -0.058910  0.060393
 0.091193 -0.027414 -0.002997 -0.015566  0.007488  0.043174  0.023017  0.119556  0.072726 -0.005704  0.000000 -0.080293  0.072684 -0.005818  0.060395 -0.005398
-0.065278  0.076920 -0.042501 -0.014384 -0.355285  0.114582 -0.315591 -0.106810 -0.129651  0.072684 -0.129677  0.072684 -0.403827  0.000000 -0.023035  0.034902
 0.091581 -0.026840  0.014830  0.005019  0.007454  0.042017 -0.115726 -0.039167  0.072684 -0.005816  0.072684 -0.005818  0.000000 -0.080293  0.034904 -0.008195
-0.457922 -0.123433  0.380366  0.128747 -0.092581 -0.109127  0.056465  0.019112 -0.058900  0.060390 -0.058910  0.060395 -0.023035  0.034904 -0.403854  0.000000
-0.046646 -0.058489  0.180237  0.061007  0.076677  0.010664 -0.005518 -0.001868  0.060388 -0.005399  0.060393 -0.005398  0.034902 -0.008195  0.000000 -0.080298

---------------------------------------------
STARTING SCF CYCLES.
---------------------------------------------

Iteration: 1
Atomic charges:
-1.053085  0.467597  0.011727  0.011750  0.016325  0.545686 
E_elec, E_1, E_2, E_3: -8.959405, -9.117749, 0.154554, 0.003790
Density
 1.731134  0.203291  0.290798  0.098428 -0.008902  0.181203 -0.018183 -0.006151 -0.014195  0.011942 -0.014206  0.011938 -0.078055 -0.006336  0.098690 -0.011006
 0.203291  1.384365  0.163023  0.055189 -0.210046 -0.483802 -0.000595 -0.000223  0.078714  0.001670  0.078721  0.001670  0.050321 -0.010470  0.157621 -0.008194
 0.290798  0.163023  1.527313 -0.158968  0.004092 -0.009809 -0.010397  0.002454  0.121384  0.018031  0.017435 -0.015152 -0.107282 -0.046992 -0.437748 -0.091754
 0.098428  0.055189 -0.158968  1.943162  0.001397 -0.003324  0.002451 -0.016840 -0.130067 -0.048525  0.177035  0.049500 -0.036316 -0.015904 -0.148171 -0.031057
-0.008902 -0.210046  0.004092  0.001397  0.501320 -0.158530 -0.001526 -0.000505  0.251685  0.009799  0.251682  0.009796  0.247503  0.009853 -0.019138  0.003601
 0.181203 -0.483802 -0.009809 -0.003324 -0.158530  0.324705 -0.002682 -0.000911 -0.162489 -0.003809 -0.162480 -0.003807 -0.161269 -0.002010 -0.053411 -0.001322
-0.018183 -0.000595 -0.010397  0.002451 -0.001526 -0.002682  0.669835  0.002515 -0.424893 -0.027842 -0.109939 -0.006103  0.541076  0.037393  0.048084  0.033952
-0.006151 -0.000223  0.002454 -0.016840 -0.000505 -0.000911  0.002515  0.663293  0.374762  0.026368 -0.555759 -0.037863  0.183153  0.012654  0.016280  0.011491
-0.014195  0.078714  0.121384 -0.130067  0.251685 -0.162489 -0.424893  0.374762  0.648910  0.041836 -0.101777 -0.016037 -0.095756 -0.014114 -0.029374 -0.017292
 0.011942  0.001670  0.018031 -0.048525  0.009799 -0.003809 -0.027842  0.026368  0.041836  0.003793 -0.016030 -0.002267 -0.010133 -0.000869 -0.000103 -0.000881
-0.014206  0.078721  0.017435  0.177035  0.251682 -0.162480 -0.109939 -0.555759 -0.101777 -0.016030  0.648858  0.041835 -0.095758 -0.014109 -0.029379 -0.017289
 0.011938  0.001670 -0.015152  0.049500  0.009796 -0.003807 -0.006103 -0.037863 -0.016037 -0.002267  0.041835  0.003793 -0.010135 -0.000868 -0.000102 -0.000880
-0.078055  0.050321 -0.107282 -0.036316  0.247503 -0.161269  0.541076  0.183153 -0.095756 -0.010133 -0.095758 -0.010135  0.641884  0.041896  0.088404  0.039674
-0.006336 -0.010470 -0.046992 -0.015904  0.009853 -0.002010  0.037393  0.012654 -0.014114 -0.000869 -0.014109 -0.000868  0.041896  0.004176  0.018461  0.005426
 0.098690  0.157621 -0.437748 -0.148171 -0.019138 -0.053411  0.048084  0.016280 -0.029374 -0.000103 -0.029379 -0.000102  0.088404  0.018461  0.199140  0.034496
-0.011006 -0.008194 -0.091754 -0.031057  0.003601 -0.001322  0.033952  0.011491 -0.017292 -0.000881 -0.017289 -0.000880  0.039674  0.005426  0.034496  0.008322
INFO: charges were damped!

Iteration: 2
Atomic charges:
-0.693712  0.208953  0.019878  0.019896  0.041807  0.403179 
E_elec, E_1, E_2, E_3: -9.027997, -9.095148, 0.066773, 0.000377
Del E_elec: 0.068593
Density
 1.608900  0.283935  0.368225  0.124636  0.002177  0.206048 -0.011254 -0.003807 -0.005342  0.004074 -0.005353  0.004066 -0.082743 -0.023610  0.132668 -0.019305
 0.283935  1.183987  0.192332  0.065113 -0.267471 -0.555795  0.004182  0.001390  0.081264 -0.001211  0.081266 -0.001213  0.046277 -0.017912  0.171360 -0.009972
 0.368225  0.192332  1.413982 -0.193428 -0.004623 -0.017177  0.007336 -0.002506  0.133022  0.025550  0.016818 -0.020431 -0.111402 -0.060880 -0.496262 -0.107696
 0.124636  0.065113 -0.193428  1.919981 -0.001547 -0.005821 -0.002510  0.013859 -0.146306 -0.067048  0.196993  0.068781 -0.037711 -0.020604 -0.167977 -0.036454
 0.002177 -0.267471 -0.004623 -0.001547  0.560195 -0.097007  0.003992  0.001368  0.246978  0.009687  0.246977  0.009684  0.244001  0.011843 -0.033409  0.007655
 0.206048 -0.555795 -0.017177 -0.005821 -0.097007  0.449015 -0.006654 -0.002252 -0.170321 -0.002872 -0.170311 -0.002869 -0.166743 -0.000623 -0.067781 -0.003251
-0.011254  0.004182  0.007336 -0.002510  0.003992 -0.006654  0.690656  0.005648 -0.423461 -0.027545 -0.110442 -0.006518  0.538865  0.035970  0.042698  0.028819
-0.003807  0.001390 -0.002506  0.013859  0.001368 -0.002252  0.005648  0.675911  0.372060  0.025296 -0.552744 -0.036831  0.182405  0.012173  0.014456  0.009754
-0.005342  0.081264  0.133022 -0.146306  0.246978 -0.170321 -0.423461  0.372060  0.641518  0.043066 -0.102753 -0.018444 -0.095688 -0.014670 -0.035418 -0.014873
 0.004074 -0.001211  0.025550 -0.067048  0.009687 -0.002872 -0.027545  0.025296  0.043066  0.004895 -0.018435 -0.003580 -0.010408 -0.000939 -0.001846 -0.000860
-0.005353  0.081266  0.016818  0.196993  0.246977 -0.170311 -0.110442 -0.552744 -0.102753 -0.018435  0.641469  0.043064 -0.095690 -0.014665 -0.035423 -0.014870
 0.004066 -0.001213 -0.020431  0.068781  0.009684 -0.002869 -0.006518 -0.036831 -0.018444 -0.003580  0.043064  0.004895 -0.010410 -0.000939 -0.001846 -0.000859
-0.082743  0.046277 -0.111402 -0.037711  0.244001 -0.166743  0.538865  0.182405 -0.095688 -0.010408 -0.095690 -0.010410  0.615635  0.041648  0.096855  0.039545
-0.023610 -0.017912 -0.060880 -0.020604  0.011843 -0.000623  0.035970  0.012173 -0.014670 -0.000939 -0.014665 -0.000939  0.041648  0.005429  0.025595  0.007214
 0.132668  0.171360 -0.496262 -0.167977 -0.033409 -0.067781  0.042698  0.014456 -0.035418 -0.001846 -0.035423 -0.001846  0.096855  0.025595  0.299639  0.050101
-0.019305 -0.009972 -0.107696 -0.036454  0.007655 -0.003251  0.028819  0.009754 -0.014873 -0.000860 -0.014870 -0.000859  0.039545  0.007214  0.050101  0.011260
INFO: charges were damped!

Iteration: 3
Atomic charges:
-0.184511 -0.156845  0.031705  0.031717  0.072249  0.205684 
E_elec, E_1, E_2, E_3: -8.987931, -8.995525, 0.007728, -0.000134
Del E_elec: 0.040066
Density
 1.464126  0.376172  0.462548  0.156565 -0.009149  0.206298  0.002867  0.000967  0.011818 -0.009286  0.011806 -0.009300 -0.088217 -0.055250  0.158886 -0.038577
 0.376172  0.926023  0.223390  0.075632 -0.316444 -0.600817  0.012061  0.004052  0.083681 -0.009168  0.083679 -0.009175  0.038669 -0.034002  0.178626 -0.015375
 0.462548  0.223390  1.268136 -0.235129 -0.021711 -0.027568  0.031215 -0.011820  0.150189  0.036133  0.015856 -0.034188 -0.113871 -0.084992 -0.547969 -0.124298
 0.156565  0.075632 -0.235129  1.883226 -0.007316 -0.009346 -0.011825  0.062086 -0.170350 -0.103533  0.226498  0.104196 -0.038550 -0.028763 -0.185480 -0.042074
-0.009149 -0.316444 -0.021711 -0.007316  0.657668  0.007866  0.008975  0.003064  0.238422  0.011050  0.238428  0.011050  0.238753  0.016697 -0.051858  0.012325
 0.206298 -0.600817 -0.027568 -0.009346  0.007866  0.650062 -0.012152 -0.004106 -0.182052  0.000243 -0.182039  0.000247 -0.174524  0.004116 -0.085913 -0.005336
 0.002867  0.012061  0.031215 -0.011825  0.008975 -0.012152  0.721201  0.008527 -0.419939 -0.026396 -0.111065 -0.007332  0.534609  0.033409  0.032827  0.022539
 0.000967  0.004052 -0.011820  0.062086  0.003064 -0.004106  0.008527  0.698914  0.366428  0.022455 -0.546135 -0.033876  0.180964  0.011307  0.011115  0.007629
 0.011818  0.083681  0.150189 -0.170350  0.238422 -0.182052 -0.419939  0.366428  0.629115  0.046239 -0.104264 -0.024271 -0.095301 -0.017064 -0.043713 -0.013717
-0.009286 -0.009168  0.036133 -0.103533  0.011050  0.000243 -0.026396  0.022455  0.046239  0.008453 -0.024259 -0.007020 -0.010306 -0.000594 -0.006321 -0.000762
 0.011806  0.083679  0.015856  0.226498  0.238428 -0.182039 -0.111065 -0.546135 -0.104264 -0.024259  0.629066  0.046236 -0.095304 -0.017058 -0.043717 -0.013714
-0.009300 -0.009175 -0.034188  0.104196  0.011050  0.000247 -0.007332 -0.033876 -0.024271 -0.007020  0.046236  0.008454 -0.010308 -0.000593 -0.006321 -0.000762
-0.088217  0.038669 -0.113871 -0.038550  0.238753 -0.174524  0.534609  0.180964 -0.095301 -0.010306 -0.095304 -0.010308  0.581626  0.042348  0.108755  0.040099
-0.055250 -0.034002 -0.084992 -0.028763  0.016697  0.004116  0.033409  0.011307 -0.017064 -0.000594 -0.017058 -0.000593  0.042348  0.009322  0.037596  0.011176
 0.158886  0.178626 -0.547969 -0.185480 -0.051858 -0.085913  0.032827  0.011115 -0.043713 -0.006321 -0.043717 -0.006321  0.108755  0.037596  0.461443  0.072629
-0.038577 -0.015375 -0.124298 -0.042074  0.012325 -0.005336  0.022539  0.007629 -0.013717 -0.000762 -0.013714 -0.000762  0.040099  0.011176  0.072629  0.016004
INFO: charges were damped!

Iteration: 4
Atomic charges:
-0.645277  0.305673 -0.009703 -0.009681  0.007063  0.351923 
E_elec, E_1, E_2, E_3: -9.029151, -9.089681, 0.059481, 0.001049
Del E_elec: 0.041219
Density
 1.590637  0.273650  0.392063  0.132705  0.000778  0.206609 -0.008734 -0.002954 -0.005665  0.003716 -0.005676  0.003708 -0.086661 -0.026761  0.140437 -0.024092
 0.273650  1.181450  0.203369  0.068849 -0.269814 -0.553966  0.005334  0.001779  0.081835 -0.001127  0.081837 -0.001129  0.045169 -0.019049  0.177195 -0.012080
 0.392063  0.203369  1.378880 -0.204802 -0.005315 -0.018039  0.010634 -0.003430  0.132481  0.025515  0.015658 -0.021895 -0.107394 -0.061767 -0.511842 -0.112869
 0.132705  0.068849 -0.204802  1.914632 -0.001779 -0.006113 -0.003434  0.019572 -0.147508 -0.069411  0.197619  0.070637 -0.036355 -0.020904 -0.173251 -0.038205
 0.000778 -0.269814 -0.005315 -0.001779  0.529337 -0.083491  0.002048  0.000709  0.245954  0.008968  0.245954  0.008966  0.243660  0.010819 -0.034198  0.004565
 0.206609 -0.553966 -0.018039 -0.006113 -0.083491  0.441161 -0.005849 -0.001979 -0.171182 -0.002720 -0.171172 -0.002717 -0.167726 -0.000240 -0.070060 -0.001735
-0.008734  0.005334  0.010634 -0.003434  0.002048 -0.005849  0.659704  0.004544 -0.423083 -0.028144 -0.110268 -0.006776  0.539485  0.036825  0.040242  0.029964
-0.002954  0.001779 -0.003430  0.019572  0.000709 -0.001979  0.004544  0.647850  0.371853  0.025655 -0.552350 -0.037480  0.182615  0.012462  0.013625  0.010141
-0.005665  0.081835  0.132481 -0.147508  0.245954 -0.171182 -0.423083  0.371853  0.670898  0.045366 -0.105091 -0.019913 -0.097577 -0.016206 -0.035401 -0.018003
 0.003716 -0.001127  0.025515 -0.069411  0.008968 -0.002720 -0.028144  0.025655  0.045366  0.005239 -0.019903 -0.003869 -0.011483 -0.001033 -0.001532 -0.000966
-0.005676  0.081837  0.015658  0.197619  0.245954 -0.171172 -0.110268 -0.552350 -0.105091 -0.019903  0.670844  0.045365 -0.097580 -0.016201 -0.035406 -0.018000
 0.003708 -0.001129 -0.021895  0.070637  0.008966 -0.002717 -0.006776 -0.037480 -0.019913 -0.003869  0.045365  0.005240 -0.011485 -0.001033 -0.001532 -0.000965
-0.086661  0.045169 -0.107394 -0.036355  0.243660 -0.167726  0.539485  0.182615 -0.097577 -0.011483 -0.097580 -0.011485  0.649343  0.044002  0.100216  0.041142
-0.026761 -0.019049 -0.061767 -0.020904  0.010819 -0.000240  0.036825  0.012462 -0.016206 -0.001033 -0.016201 -0.001033  0.044002  0.005820  0.027252  0.007873
 0.140437  0.177195 -0.511842 -0.173251 -0.034198 -0.070060  0.040242  0.013625 -0.035401 -0.001532 -0.035406 -0.001532  0.100216  0.027252  0.337434  0.055703
-0.024092 -0.012080 -0.112869 -0.038205  0.004565 -0.001735  0.029964  0.010141 -0.018003 -0.000966 -0.018000 -0.000965  0.041142  0.007873  0.055703  0.012660
INFO: charges were damped!

Iteration: 5
Atomic charges:
-0.754231  0.356714 -0.003503 -0.003483  0.007374  0.397128 
E_elec, E_1, E_2, E_3: -9.019841, -9.102368, 0.080859, 0.001667
Del E_elec: 0.009310
Density
 1.625448  0.252147  0.369285  0.124995 -0.000591  0.201657 -0.011605 -0.003926 -0.008515  0.006434 -0.008525  0.006427 -0.084978 -0.020659  0.132669 -0.020377
 0.252147  1.238352  0.194922  0.065989 -0.254594 -0.536970  0.003531  0.001170  0.081019  0.000024  0.081023  0.000022  0.046528 -0.016245  0.174111 -0.011075
 0.369285  0.194922  1.413204 -0.194591 -0.002087 -0.015846  0.004798 -0.001501  0.128988  0.023112  0.015941 -0.019783 -0.106659 -0.057096 -0.497257 -0.108635
 0.124995  0.065989 -0.194591  1.922243 -0.000690 -0.005370 -0.001504  0.008693 -0.142474 -0.062794  0.191502  0.063921 -0.036105 -0.019324 -0.168314 -0.036772
-0.000591 -0.254594 -0.002087 -0.000690  0.519048 -0.106166  0.000250  0.000100  0.247614  0.009209  0.247613  0.009206  0.244680  0.010276 -0.029739  0.003391
 0.201657 -0.536970 -0.015846 -0.005370 -0.106166  0.405038 -0.004464 -0.001512 -0.168584 -0.003136 -0.168574 -0.003133 -0.165858 -0.000816 -0.065987 -0.001174
-0.011605  0.003531  0.004798 -0.001504  0.000250 -0.004464  0.660973  0.003554 -0.423587 -0.028069 -0.110056 -0.006534  0.540040  0.037113  0.042659  0.031757
-0.003926  0.001170 -0.001501  0.008693  0.000100 -0.001512  0.003554  0.651708  0.372861  0.025954 -0.553457 -0.037672  0.182803  0.012560  0.014443  0.010748
-0.008515  0.081019  0.128988 -0.142474  0.247614 -0.168584 -0.423587  0.372861  0.664650  0.044280 -0.104244 -0.018633 -0.097096 -0.015638 -0.033495 -0.018605
 0.006434  0.000024  0.023112 -0.062794  0.009209 -0.003136 -0.028069  0.025954  0.044280  0.004720 -0.018624 -0.003314 -0.011059 -0.001000 -0.000771 -0.000958
-0.008525  0.081023  0.015941  0.191502  0.247613 -0.168574 -0.110056 -0.553457 -0.104244 -0.018624  0.664599  0.044279 -0.097099 -0.015632 -0.033500 -0.018602
 0.006427  0.000022 -0.019783  0.063921  0.009206 -0.003133 -0.006534 -0.037672 -0.018633 -0.003314  0.044279  0.004720 -0.011062 -0.001000 -0.000771 -0.000957
-0.084978  0.046528 -0.106659 -0.036105  0.244680 -0.165858  0.540040  0.182803 -0.097096 -0.011059 -0.097099 -0.011062  0.649664  0.043466  0.097638  0.040999
-0.020659 -0.016245 -0.057096 -0.019324  0.010276 -0.000816  0.037113  0.012560 -0.015638 -0.001000 -0.015632 -0.001000  0.043466  0.005244  0.024837  0.007176
 0.132669  0.174111 -0.497257 -0.168314 -0.029739 -0.065987  0.042659  0.014443 -0.033495 -0.000771 -0.033500 -0.000771  0.097638  0.024837  0.302397  0.050613
-0.020377 -0.011075 -0.108635 -0.036772  0.003391 -0.001174  0.031757  0.010748 -0.018605 -0.000958 -0.018602 -0.000957  0.040999  0.007176  0.050613  0.011673
INFO: charges were damped!

Iteration: 6
Atomic charges:
-0.413207 -0.053334  0.046265  0.046273  0.074980  0.299023 
E_elec, E_1, E_2, E_3: -9.022402, -9.047947, 0.025539, 0.000007
Del E_elec: 0.002561
Density
 1.526395  0.342083  0.420328  0.142273  0.000257  0.210267 -0.005110 -0.001730  0.003600 -0.001974  0.003588 -0.001985 -0.085212 -0.038603  0.149561 -0.028306
 0.342083  1.033423  0.209666  0.070983 -0.298032 -0.589879  0.007748  0.002595  0.082172 -0.004848  0.082172 -0.004853  0.042132 -0.025520  0.176037 -0.012173
 0.420328  0.209666  1.335604 -0.216478 -0.012577 -0.023375  0.018808 -0.006615  0.142032  0.031008  0.016138 -0.026216 -0.113786 -0.072549 -0.527705 -0.116989
 0.142273  0.070983 -0.216478  1.901901 -0.004233 -0.007922 -0.006619  0.036072 -0.159214 -0.083707  0.212709  0.085332 -0.038519 -0.024553 -0.178620 -0.039600
 0.000257 -0.298032 -0.012577 -0.004233  0.631204 -0.047237  0.005650  0.001937  0.242442  0.010777  0.242443  0.010775  0.240632  0.014274 -0.043725  0.010422
 0.210267 -0.589879 -0.023375 -0.007922 -0.047237  0.565294 -0.008867 -0.003000 -0.176202 -0.001652 -0.176190 -0.001649 -0.170510  0.001499 -0.078133 -0.004566
-0.005110  0.007748  0.018808 -0.006619  0.005650 -0.008867  0.723742  0.006796 -0.421359 -0.026492 -0.110526 -0.006604  0.536054  0.034330  0.038893  0.025687
-0.001730  0.002595 -0.006615  0.036072  0.001937 -0.003000  0.006796  0.705983  0.369171  0.023777 -0.549175 -0.034984  0.181452  0.011618  0.013168  0.008694
 0.003600  0.082172  0.142032 -0.159214  0.242442 -0.176202 -0.421359  0.369171  0.615871  0.043077 -0.102332 -0.020191 -0.094326 -0.015101 -0.039856 -0.013758
-0.001974 -0.004848  0.031008 -0.083707  0.010777 -0.001652 -0.026492  0.023777  0.043077  0.006182 -0.020181 -0.004932 -0.009640 -0.000801 -0.003832 -0.000816
 0.003588  0.082172  0.016138  0.212709  0.242443 -0.176190 -0.110526 -0.549175 -0.102332 -0.020181  0.615830  0.043075 -0.094329 -0.015096 -0.039860 -0.013755
-0.001985 -0.004853 -0.026216  0.085332  0.010775 -0.001649 -0.006604 -0.034984 -0.020191 -0.004932  0.043075  0.006182 -0.009643 -0.000800 -0.003832 -0.000815
-0.085212  0.042132 -0.113786 -0.038519  0.240632 -0.170510  0.536054  0.181452 -0.094326 -0.009640 -0.094329 -0.009643  0.581839  0.040718  0.103087  0.039400
-0.038603 -0.025520 -0.072549 -0.024553  0.014274  0.001499  0.034330  0.011618 -0.015101 -0.000801 -0.015096 -0.000800  0.040718  0.006945  0.031497  0.008975
 0.149561  0.176037 -0.527705 -0.178620 -0.043725 -0.078133  0.038893  0.013168 -0.039856 -0.003832 -0.039860 -0.003832  0.103087  0.031497  0.382132  0.062004
-0.028306 -0.012173 -0.116989 -0.039600  0.010422 -0.004566  0.025687  0.008694 -0.013758 -0.000816 -0.013755 -0.000815  0.039400  0.008975  0.062004  0.013657
INFO: charges were damped!

Iteration: 7
Atomic charges:
-0.507296  0.137764  0.009702  0.009721  0.035292  0.314817 
E_elec, E_1, E_2, E_3: -9.031917, -9.068278, 0.036248, 0.000114
Del E_elec: 0.009515
Density
 1.550787  0.311605  0.411397  0.139249  0.001240  0.210419 -0.006018 -0.002036 -0.000596  0.000061 -0.000607  0.000052 -0.086558 -0.034239  0.146603 -0.027152
 0.311605  1.096835  0.208673  0.070646 -0.288136 -0.576251  0.007137  0.002388  0.082427 -0.003235  0.082427 -0.003239  0.043502 -0.022964  0.177495 -0.012406
 0.411397  0.208673  1.349146 -0.213002 -0.009805 -0.021046  0.016579 -0.005641  0.138017  0.028924  0.015846 -0.024593 -0.110654 -0.068332 -0.523020 -0.115890
 0.139249  0.070646 -0.213002  1.906348 -0.003296 -0.007133 -0.005645  0.031298 -0.154441 -0.078310  0.206483  0.079777 -0.037459 -0.023126 -0.177035 -0.039228
 0.001240 -0.288136 -0.009805 -0.003296  0.574798 -0.058842  0.004756  0.001629  0.244147  0.009559  0.244148  0.009557  0.242384  0.012559 -0.040031  0.007781
 0.210419 -0.576251 -0.021046 -0.007133 -0.058842  0.506963 -0.007928 -0.002681 -0.174483 -0.002111 -0.174472 -0.002108 -0.169798  0.000666 -0.074898 -0.003306
-0.006018  0.007137  0.016579 -0.005645  0.004756 -0.007928  0.685140  0.006127 -0.422462 -0.027571 -0.110593 -0.006859  0.538207  0.035691  0.038595  0.027204
-0.002036  0.002388 -0.005641  0.031298  0.001629 -0.002681  0.006127  0.669139  0.370504  0.024770 -0.550902 -0.036429  0.182182  0.012079  0.013068  0.009207
-0.000596  0.082427  0.138017 -0.154441  0.244147 -0.174483 -0.422462  0.370504  0.651580  0.044969 -0.104367 -0.020625 -0.096535 -0.015942 -0.038147 -0.015612
 0.000061 -0.003235  0.028924 -0.078310  0.009559 -0.002111 -0.027571  0.024770  0.044969  0.005878 -0.020615 -0.004570 -0.010935 -0.000951 -0.002921 -0.000902
-0.000607  0.082427  0.015846  0.206483  0.244148 -0.174472 -0.110593 -0.550902 -0.104367 -0.020615  0.651529  0.044967 -0.096537 -0.015936 -0.038151 -0.015609
 0.000052 -0.003239 -0.024593  0.079777  0.009557 -0.002108 -0.006859 -0.036429 -0.020625 -0.004570  0.044967  0.005879 -0.010937 -0.000950 -0.002921 -0.000902
-0.086558  0.043502 -0.110654 -0.037459  0.242384 -0.169798  0.538207  0.182182 -0.096535 -0.010935 -0.096537 -0.010937  0.620677  0.042882  0.102237  0.040396
-0.034239 -0.022964 -0.068332 -0.023126  0.012559  0.000666  0.035691  0.012079 -0.015942 -0.000951 -0.015936 -0.000950  0.042882  0.006544  0.029974  0.008600
 0.146603  0.177495 -0.523020 -0.177035 -0.040031 -0.074898  0.038595  0.013068 -0.038147 -0.002921 -0.038151 -0.002921  0.102237  0.029974  0.368225  0.060047
-0.027152 -0.012406 -0.115890 -0.039228  0.007781 -0.003306  0.027204  0.009207 -0.015612 -0.000902 -0.015609 -0.000902  0.040396  0.008600  0.060047  0.013373
INFO: charges were damped!

Iteration: 8
Atomic charges:
-0.682477  0.347851 -0.015471 -0.015445  0.000599  0.364942 
E_elec, E_1, E_2, E_3: -9.025870, -9.094233, 0.066830, 0.001533
Del E_elec: 0.006047
Density
 1.602100  0.264695  0.385422  0.130457  0.000230  0.204968 -0.009411 -0.003183 -0.006808  0.004456 -0.006819  0.004449 -0.086430 -0.024925  0.138228 -0.022992
 0.264695  1.202711  0.201115  0.068086 -0.264780 -0.547525  0.004912  0.001636  0.081668 -0.000706  0.081672 -0.000708  0.045624 -0.018126  0.176590 -0.011837
 0.385422  0.201115  1.388818 -0.201848 -0.004340 -0.017190  0.009237 -0.002961  0.131295  0.024786  0.015738 -0.021260 -0.106887 -0.060290 -0.507745 -0.111686
 0.130457  0.068086 -0.201848  1.916842 -0.001450 -0.005826 -0.002964  0.016949 -0.145825 -0.067412  0.195563  0.068607 -0.036183 -0.020404 -0.171864 -0.037805
 0.000230 -0.264780 -0.004340 -0.001450  0.518159 -0.088944  0.001921  0.000664  0.246313  0.008780  0.246312  0.008778  0.243902  0.010490 -0.032713  0.004049
 0.204968 -0.547525 -0.017190 -0.005826 -0.088944  0.425607 -0.005621 -0.001901 -0.170405 -0.002808 -0.170395 -0.002805 -0.167214 -0.000442 -0.068671 -0.001488
-0.009411  0.004912  0.009237 -0.002964  0.001921 -0.005621  0.653502  0.004419 -0.423210 -0.028309 -0.110224 -0.006787  0.539660  0.037048  0.040582  0.030450
-0.003183  0.001636 -0.002961  0.016949  0.000664 -0.001901  0.004419  0.641976  0.372091  0.025852 -0.552617 -0.037737  0.182674  0.012538  0.013740  0.010306
-0.006808  0.081668  0.131295 -0.145825  0.246313 -0.170405 -0.423210  0.372091  0.676642  0.045547 -0.105282 -0.019834 -0.097851 -0.016266 -0.034749 -0.018380
 0.004456 -0.000706  0.024786 -0.067412  0.008780 -0.002808 -0.028309  0.025852  0.045547  0.005121 -0.019825 -0.003729 -0.011688 -0.001053 -0.001301 -0.000982
-0.006819  0.081672  0.015738  0.195563  0.246312 -0.170395 -0.110224 -0.552617 -0.105282 -0.019825  0.676585  0.045546 -0.097854 -0.016260 -0.034754 -0.018377
 0.004449 -0.000708 -0.021260  0.068607  0.008778 -0.002805 -0.006787 -0.037737 -0.019834 -0.003729  0.045546  0.005122 -0.011690 -0.001053 -0.001300 -0.000982
-0.086430  0.045624 -0.106887 -0.036183  0.243902 -0.167214  0.539660  0.182674 -0.097851 -0.011688 -0.097854 -0.011690  0.655983  0.044274  0.099524  0.041258
-0.024925 -0.018126 -0.060290 -0.020404  0.010490 -0.000442  0.037048  0.012538 -0.016266 -0.001053 -0.016260 -0.001053  0.044274  0.005670  0.026526  0.007677
 0.138228  0.176590 -0.507745 -0.171864 -0.032713 -0.068671  0.040582  0.013740 -0.034749 -0.001301 -0.034754 -0.001300  0.099524  0.026526  0.327090  0.054206
-0.022992 -0.011837 -0.111686 -0.037805  0.004049 -0.001488  0.030450  0.010306 -0.018380 -0.000982 -0.018377 -0.000982  0.041258  0.007677  0.054206  0.012382
INFO: charges were damped!

Iteration: 9
Atomic charges:
-0.541765  0.111133  0.025037  0.025049  0.046861  0.333685 
E_elec, E_1, E_2, E_3: -9.032302, -9.073611, 0.041234, 0.000075
Del E_elec: 0.006432
Density
 1.561592  0.308745  0.402590  0.136268  0.002000  0.209913 -0.007644 -0.002586 -0.001378  0.001336 -0.001389  0.001327 -0.085415 -0.031563  0.144141 -0.025331
 0.308745  1.110309  0.205176  0.069462 -0.284176 -0.574050  0.006181  0.002065  0.081948 -0.002739  0.081949 -0.002742  0.043983 -0.021756  0.176119 -0.011772
 0.402590  0.205176  1.362894 -0.209013 -0.008376 -0.020536  0.013725 -0.004604  0.136901  0.028010  0.015983 -0.023473 -0.111070 -0.066463 -0.517913 -0.114246
 0.136268  0.069462 -0.209013  1.909663 -0.002814 -0.006959 -0.004608  0.025733 -0.152755 -0.075272  0.204468  0.076809 -0.037599 -0.022493 -0.175306 -0.038671
 0.002000 -0.284176 -0.008376 -0.002814  0.584537 -0.070412  0.003511  0.001209  0.244790  0.010021  0.244789  0.010018  0.242570  0.012537 -0.038690  0.007769
 0.209913 -0.574050 -0.020536 -0.006959 -0.070412  0.500739 -0.007089 -0.002399 -0.173374 -0.002378 -0.173364 -0.002374 -0.168906  0.000403 -0.073657 -0.003303
-0.007644  0.006181  0.013725 -0.004608  0.003511 -0.007089  0.697087  0.005539 -0.422516 -0.027218 -0.110419 -0.006598  0.538117  0.035549  0.040280  0.027846
-0.002586  0.002065 -0.004604  0.025733  0.001209 -0.002399  0.005539  0.682620  0.370861  0.024737 -0.551219 -0.036189  0.182151  0.012031  0.013638  0.009424
-0.001378  0.081948  0.136901 -0.152755  0.244790 -0.173374 -0.422516  0.370861  0.636581  0.043614 -0.103223 -0.019531 -0.095599 -0.015290 -0.037548 -0.015389
 0.001336 -0.002739  0.028010 -0.075272  0.010021 -0.002378 -0.027218  0.024737  0.043614  0.005522 -0.019522 -0.004240 -0.010265 -0.000909 -0.002543 -0.000867
-0.001389  0.081949  0.015983  0.204468  0.244789 -0.173364 -0.110419 -0.551219 -0.103223 -0.019522  0.636537  0.043613 -0.095602 -0.015285 -0.037552 -0.015386
 0.001327 -0.002742 -0.023473  0.076809  0.010018 -0.002374 -0.006598 -0.036189 -0.019531 -0.004240  0.043613  0.005522 -0.010267 -0.000908 -0.002543 -0.000867
-0.085415  0.043983 -0.111070 -0.037599  0.242570 -0.168906  0.538117  0.182151 -0.095599 -0.010265 -0.095602 -0.010267  0.609764  0.041887  0.101049  0.040009
-0.031563 -0.021756 -0.066463 -0.022493  0.012537  0.000403  0.035549  0.012031 -0.015290 -0.000909 -0.015285 -0.000908  0.041887  0.006193  0.028940  0.008241
 0.144141  0.176119 -0.517913 -0.175306 -0.038690 -0.073657  0.040280  0.013638 -0.037548 -0.002543 -0.037552 -0.002543  0.101049  0.028940  0.353207  0.057947
-0.025331 -0.011772 -0.114246 -0.038671  0.007769 -0.003303  0.027846  0.009424 -0.015389 -0.000867 -0.015386 -0.000867  0.040009  0.008241  0.057947  0.012916
INFO: charges were damped!

Iteration: 10
Atomic charges:
-0.489244  0.060532  0.028789  0.028801  0.053873  0.317251 
E_elec, E_1, E_2, E_3: -9.030243, -9.064185, 0.033914, 0.000028
Del E_elec: 0.002059
Density
 1.546663  0.321180  0.410852  0.139065  0.001483  0.210514 -0.006409 -0.002169  0.000491 -0.000087  0.000479 -0.000097 -0.085623 -0.034579  0.146663 -0.026767
 0.321180  1.080333  0.207615  0.070288 -0.290237 -0.580619  0.006945  0.002323  0.082162 -0.003559  0.082163 -0.003563  0.043258 -0.023313  0.176466 -0.012046
 0.410852  0.207615  1.350172 -0.212567 -0.010134 -0.021643  0.016163 -0.005528  0.138923  0.029264  0.015999 -0.024637 -0.111940 -0.068977 -0.522611 -0.115599
 0.139065  0.070288 -0.212567  1.906238 -0.003408 -0.007335 -0.005532  0.030588 -0.155374 -0.078827  0.207774  0.080395 -0.037894 -0.023344 -0.176896 -0.039129
 0.001483 -0.290237 -0.010134 -0.003408  0.598163 -0.059839  0.004536  0.001557  0.243915  0.010163  0.243916  0.010160  0.241940  0.013124 -0.040779  0.008707
 0.210514 -0.580619 -0.021643 -0.007335 -0.059839  0.524223 -0.007890 -0.002669 -0.174634 -0.002089 -0.174623 -0.002086 -0.169701  0.000813 -0.075506 -0.003753
-0.006409  0.006945  0.016163 -0.005532  0.004536 -0.007890  0.703408  0.006112 -0.422175 -0.027063 -0.110514 -0.006661  0.537527  0.035180  0.039416  0.026928
-0.002169  0.002323 -0.005528  0.030588  0.001557 -0.002669  0.006112  0.687443  0.370258  0.024429 -0.550533 -0.035850  0.181951  0.011906  0.013346  0.009114
 0.000491  0.082162  0.138923 -0.155374  0.243915 -0.174634 -0.422175  0.370258  0.632883  0.043734 -0.103187 -0.019990 -0.095390 -0.015360 -0.038503 -0.014830
-0.000087 -0.003559  0.029264 -0.078827  0.010163 -0.002089 -0.027063  0.024429  0.043734  0.005816 -0.019980 -0.004544 -0.010201 -0.000885 -0.003066 -0.000857
 0.000479  0.082163  0.015999  0.207774  0.243916 -0.174623 -0.110514 -0.550533 -0.103187 -0.019980  0.632838  0.043733 -0.095393 -0.015355 -0.038507 -0.014826
-0.000097 -0.003563 -0.024637  0.080395  0.010160 -0.002086 -0.006661 -0.035850 -0.019990 -0.004544  0.043733  0.005817 -0.010203 -0.000884 -0.003066 -0.000856
-0.085623  0.043258 -0.111940 -0.037894  0.241940 -0.169701  0.537527  0.181951 -0.095390 -0.010201 -0.095393 -0.010203  0.602606  0.041711  0.102021  0.039880
-0.034579 -0.023313 -0.068977 -0.023344  0.013124  0.000813  0.035180  0.011906 -0.015360 -0.000885 -0.015355 -0.000884  0.041711  0.006519  0.030055  0.008569
 0.146663  0.176466 -0.522611 -0.176896 -0.040779 -0.075506  0.039416  0.013346 -0.038503 -0.003066 -0.038507 -0.003066  0.102021  0.030055  0.366693  0.059845
-0.026767 -0.012046 -0.115599 -0.039129  0.008707 -0.003753  0.026928  0.009114 -0.014830 -0.000857 -0.014826 -0.000856  0.039880  0.008569  0.059845  0.013274
INFO: charges were damped!

Iteration: 11
Atomic charges:
-0.612159  0.269979 -0.007369 -0.007345  0.012839  0.344055 
E_elec, E_1, E_2, E_3: -9.031179, -9.085156, 0.053246, 0.000730
Del E_elec: 0.000936
Density
 1.580900  0.283530  0.396316  0.134144  0.001166  0.207930 -0.008014 -0.002711 -0.004435  0.002669 -0.004446  0.002661 -0.086596 -0.028656  0.141859 -0.024673
 0.283530  1.160281  0.204473  0.069223 -0.274880 -0.560073  0.005851  0.001953  0.082057 -0.001652  0.082059 -0.001655  0.044834 -0.020010  0.177202 -0.012076
 0.396316  0.204473  1.372227 -0.206562 -0.006511 -0.018715  0.012359 -0.004059  0.133965  0.026476  0.015769 -0.022536 -0.108387 -0.063500 -0.514376 -0.113492
 0.134144  0.069223 -0.206562  1.912583 -0.002183 -0.006343 -0.004063  0.022941 -0.149268 -0.071724  0.199917  0.073059 -0.036691 -0.021491 -0.174109 -0.038416
 0.001166 -0.274880 -0.006511 -0.002183  0.538568 -0.076680  0.003159  0.001085  0.245507  0.009001  0.245507  0.008999  0.243381  0.011247 -0.035739  0.005570
 0.207930 -0.560073 -0.018715 -0.006343 -0.076680  0.456756 -0.006582 -0.002226 -0.172073 -0.002559 -0.172063 -0.002556 -0.168308 -0.000057 -0.071187 -0.002233
-0.008014  0.005851  0.012359 -0.004063  0.003159 -0.006582  0.664363  0.005156 -0.422978 -0.028080 -0.110400 -0.006840  0.539207  0.036561  0.039686  0.029056
-0.002711  0.001953 -0.004059  0.022941  0.001085 -0.002226  0.005156  0.650910  0.371499  0.025466 -0.552005 -0.037291  0.182521  0.012373  0.013437  0.009834
-0.004435  0.082057  0.133965 -0.149268  0.245507 -0.172073 -0.422978  0.371499  0.668553  0.045436 -0.105045 -0.020202 -0.097465 -0.016173 -0.036156 -0.017201
 0.002669 -0.001652  0.026476 -0.071724  0.009001 -0.002559 -0.028080  0.025466  0.045436  0.005411 -0.020193 -0.004058 -0.011473 -0.001026 -0.001933 -0.000952
-0.004446  0.082059  0.015769  0.199917  0.245507 -0.172063 -0.110400 -0.552005 -0.105045 -0.020193  0.668498  0.045435 -0.097468 -0.016168 -0.036160 -0.017198
 0.002661 -0.001655 -0.022536  0.073059  0.008999 -0.002556 -0.006840 -0.037291 -0.020202 -0.004058  0.045435  0.005412 -0.011476 -0.001025 -0.001933 -0.000952
-0.086596  0.044834 -0.108387 -0.036691  0.243381 -0.168308  0.539207  0.182521 -0.097465 -0.011473 -0.097468 -0.011476  0.643424  0.043826  0.100627  0.040928
-0.028656 -0.020010 -0.063500 -0.021491  0.011247 -0.000057  0.036561  0.012373 -0.016173 -0.001026 -0.016168 -0.001025  0.043826  0.006003  0.027917  0.008039
 0.141859  0.177202 -0.514376 -0.174109 -0.035739 -0.071187  0.039686  0.013437 -0.036156 -0.001933 -0.036160 -0.001933  0.100627  0.027917  0.344021  0.056628
-0.024673 -0.012076 -0.113492 -0.038416  0.005570 -0.002233  0.029056  0.009834 -0.017201 -0.000952 -0.017198 -0.000952  0.040928  0.008039  0.056628  0.012781
INFO: charges were damped!

Iteration: 12
Atomic charges:
-0.589667  0.210034  0.005762  0.005781  0.026159  0.341930 
E_elec, E_1, E_2, E_3: -9.032525, -9.081831, 0.048946, 0.000360
Del E_elec: 0.001345
Density
 1.574765  0.292488  0.397824  0.134655  0.001625  0.208765 -0.008017 -0.002712 -0.003398  0.002293 -0.003409  0.002285 -0.086074 -0.029488  0.142461 -0.024761
 0.292488  1.143293  0.204440  0.069212 -0.278051 -0.565175  0.005890  0.001967  0.082004 -0.002002  0.082006 -0.002005  0.044591 -0.020543  0.176699 -0.011910
 0.397824  0.204440  1.370024 -0.207108 -0.007062 -0.019330  0.012624 -0.004167  0.134934  0.026958  0.015857 -0.022779 -0.109409 -0.064422 -0.515211 -0.113621
 0.134655  0.069212 -0.207108  1.911809 -0.002370 -0.006551 -0.004170  0.023489 -0.150390 -0.072753  0.201396  0.074169 -0.037037 -0.021803 -0.174391 -0.038460
 0.001625 -0.278051 -0.007062 -0.002370  0.555954 -0.075485  0.003147  0.001083  0.245406  0.009414  0.245406  0.009412  0.243205  0.011709 -0.036707  0.006373
 0.208765 -0.565175 -0.019330 -0.006551 -0.075485  0.471974 -0.006677 -0.002259 -0.172478 -0.002528 -0.172468 -0.002525 -0.168480  0.000078 -0.071973 -0.002627
-0.008017  0.005890  0.012624 -0.004170  0.003147 -0.006677  0.677186  0.005230 -0.422896 -0.027746 -0.110413 -0.006731  0.538914  0.036199  0.040045  0.028662
-0.002712  0.001967 -0.004167  0.023489  0.001083 -0.002259  0.005230  0.663534  0.371368  0.025207 -0.551852 -0.036883  0.182422  0.012251  0.013558  0.009701
