---------------------------------------------
GFN1-xTB CALCULATION.
---------------------------------------------

Overlap (S)
 1.00000000 -0.00000000  0.00000000  0.00000000  0.21352628  0.30389656  0.00000000  0.00000000  0.06908998 -0.10219050  0.06910907 -0.10219854  0.07005243 -0.10258951  0.45578582  0.04846481
-0.00000000  1.00000000  0.00000000  0.00000000 -0.26336219 -0.29603110  0.00000000  0.00000000 -0.07486007  0.03136080 -0.07487982  0.03134927 -0.07564240  0.03068902  0.11880532  0.06545822
 0.00000000  0.00000000  1.00000000  0.00000000  0.00000000  0.00000000  0.13449859  0.00000000 -0.03232126  0.01354020 -0.00818591  0.00342712  0.04179530 -0.01695685 -0.36610501 -0.20171304
 0.00000000  0.00000000  0.00000000  1.00000000  0.00000000  0.00000000  0.00000000  0.13449859  0.02879912 -0.01206469 -0.04251879  0.01780097  0.01414531 -0.00573892 -0.12392014 -0.06827634
 0.21352628 -0.26336219  0.00000000  0.00000000  1.00000000 -0.00000000  0.00000000  0.00000000  0.45228261 -0.01164066  0.45236267 -0.01160328  0.45247508 -0.01155080  0.12100097 -0.12193967
 0.30389656 -0.29603110  0.00000000  0.00000000 -0.00000000  1.00000000  0.00000000  0.00000000 -0.14617679 -0.07542580 -0.14617066 -0.07542204 -0.14225448 -0.07340052  0.13511194 -0.01857940
 0.00000000  0.00000000  0.13449859  0.00000000  0.00000000  0.00000000  1.00000000  0.00000000 -0.30771956 -0.15878028 -0.07792833 -0.04020994  0.39181040  0.20216649 -0.06991040  0.00961346
 0.00000000  0.00000000  0.00000000  0.13449859  0.00000000  0.00000000  0.00000000  1.00000000  0.27418653  0.14147757 -0.40477104 -0.20885626  0.13260536  0.06842177 -0.02366345  0.00325399
 0.06908998 -0.07486007 -0.03232126  0.02879912  0.45228261 -0.14617679 -0.30771956  0.27418653  1.00000000  0.00000000  0.17865804 -0.12785019  0.18077480 -0.12777642  0.08212198 -0.10615815
-0.10219050  0.03136080  0.01354020 -0.01206469 -0.01164066 -0.07542580 -0.15878028  0.14147757  0.00000000  1.00000000 -0.12785019  0.02492466 -0.12777642  0.02541482 -0.10615815  0.02359226
 0.06910907 -0.07487982 -0.00818591 -0.04251879  0.45236267 -0.14617066 -0.07792833 -0.40477104  0.17865804 -0.12785019  1.00000000  0.00000000  0.18081117 -0.12777501  0.08213722 -0.10616691
-0.10219854  0.03134927  0.00342712  0.01780097 -0.01160328 -0.07542204 -0.04020994 -0.20885626 -0.12785019  0.02492466  0.00000000  1.00000000 -0.12777501  0.02542339 -0.10616691  0.02358926
 0.07005243 -0.07564240  0.04179530  0.01414531  0.45247508 -0.14225448  0.39181040  0.13260536  0.18077480 -0.12777642  0.18081117 -0.12777501  1.00000000  0.00000000  0.03211746 -0.06135583
-0.10258951  0.03068902 -0.01695685 -0.00573892 -0.01155080 -0.07340052  0.20216649  0.06842177 -0.12777642  0.02541482 -0.12777501  0.02542339  0.00000000  1.00000000 -0.06135583  0.03581259
 0.45578582  0.11880532 -0.36610501 -0.12392014  0.12100097  0.13511194 -0.06991040 -0.02366345  0.08212198 -0.10615815  0.08213722 -0.10616691  0.03211746 -0.06135583  1.00000000  0.00000000
 0.04846481  0.06545822 -0.20171304 -0.06827634 -0.12193967 -0.01857940  0.00961346  0.00325399 -0.10615815  0.02359226 -0.10616691  0.02358926 -0.06135583  0.03581259  0.00000000  1.00000000

S^(-1/2)
 1.17492102 -0.03695829 -0.09275386 -0.03139577 -0.12208903 -0.17189051 -0.00608752 -0.00205886 -0.00517323  0.03163562 -0.00517482  0.03164253 -0.00696780  0.04273130 -0.28841022 -0.06418834
-0.03695829  1.08996166 -0.03377318 -0.01143159  0.15944497  0.19081982 -0.00212914 -0.00072062  0.01017185 -0.01531438  0.01017371 -0.01531423  0.00908285 -0.01131491 -0.10555399 -0.02246248
-0.09275386 -0.03377318  1.10157068  0.03163512 -0.00421116 -0.00816388 -0.07042303  0.00161549  0.00135033 -0.00510632  0.00141945  0.00695952 -0.00019443  0.02213165  0.25676431  0.12546456
-0.03139577 -0.01143159  0.03163512  1.01881663 -0.00142454 -0.00276313  0.00161501 -0.07464684  0.00057088  0.01813319  0.00036756 -0.01750386 -0.00006608  0.00749047  0.08691014  0.04246759
-0.12208903  0.15944497 -0.00421116 -0.00142454  1.36636363 -0.04120885  0.00056266  0.00013827 -0.28565333 -0.06570556 -0.28574643 -0.06574146 -0.28814574 -0.06474912 -0.03719637  0.03697493
-0.17189051  0.19081982 -0.00816388 -0.00276313 -0.04120885  1.13368847 -0.00086559 -0.00028249  0.10915050  0.04369006  0.10916055  0.04369118  0.10443574  0.04425793 -0.04596456  0.02288383
-0.00608752 -0.00212914 -0.07042303  0.00161501  0.00056266 -0.00086559  1.18187908 -0.00046764  0.22278825  0.08461811  0.05576212  0.02184916 -0.28496282 -0.10673472  0.02142671 -0.00613975
-0.00205886 -0.00072062  0.00161549 -0.07464684  0.00013827 -0.00028249 -0.00046764  1.18315153 -0.19960742 -0.07470264  0.29396489  0.11076795 -0.09644470 -0.03611884  0.00725234 -0.00207525
-0.00517323  0.01017185  0.00135033  0.00057088 -0.28565333  0.10915050  0.22278825 -0.19960742  1.23886114  0.04266708 -0.04031191  0.05994147 -0.04248460  0.06128338 -0.01852022  0.03918979
 0.03163562 -0.01531438 -0.00510632  0.01813319 -0.06570556  0.04369006  0.08461811 -0.07470264  0.04266708  1.03890057  0.05993831 -0.00365103  0.06168251 -0.00520045  0.04487003 -0.00746224
-0.00517482  0.01017371  0.00141945  0.00036756 -0.28574643  0.10916055  0.05576212  0.29396489 -0.04031191  0.05993831  1.23895919  0.04269355 -0.04249382  0.06128868 -0.01852514  0.03919456
 0.03164253 -0.01531423  0.00695952 -0.01750386 -0.06574146  0.04369118  0.02184916  0.11076795  0.05994147 -0.00365103  0.04269355  1.03891180  0.06169076 -0.00520175  0.04487596 -0.00746111
-0.00696780  0.00908285 -0.00019443 -0.00006608 -0.28814574  0.10443574 -0.28496282 -0.09644470 -0.04248460  0.06168251 -0.04249382  0.06169076  1.23685206  0.04390506 -0.00504809  0.00993240
 0.04273130 -0.01131491  0.02213165  0.00749047 -0.06474912  0.04425793 -0.10673472 -0.03611884  0.06128338 -0.00520045  0.06128868 -0.00520175  0.04390506  1.03705647  0.01241035 -0.00888459
-0.28841022 -0.10555399  0.25676431  0.08691014 -0.03719637 -0.04596456  0.02142671  0.00725234 -0.01852022  0.04487003 -0.01852514  0.04487596 -0.00504809  0.01241035  1.21485959  0.05337245
-0.06418834 -0.02246248  0.12546456  0.04246759  0.03697493  0.02288383 -0.00613975 -0.00207525  0.03918979 -0.00746224  0.03919456 -0.00746111  0.00993240 -0.00888459  0.05337245  1.03615254

Step: 0
Atomic charges:
-1.05308491 0.46759734 0.01172662 0.01175007 0.01632513 0.54568575 
E_elec, E_1, E_2, E_3: -8.95940451, -9.11774878, 0.15455415, 0.00379012

Step: 1
Atomic charges:
-0.00427728 -0.35619888 0.05277818 0.05278669 0.10228867 0.15262262 
E_elec, E_1, E_2, E_3: -8.93400676, -8.94027810, 0.00785893, -0.00158759
Del E_elec: 0.02539775
W: charges were damped!

Step: 2
Atomic charges:
-0.50402426 0.20128894 -0.00759761 -0.00757626 0.01810962 0.29979956 
E_elec, E_1, E_2, E_3: -9.03150863, -9.06807817, 0.03626127, 0.00030827
Del E_elec: 0.09750187
W: charges were damped!

Step: 3
Atomic charges:
-0.54835851 0.18183894 0.00651039 0.00652746 0.02868552 0.32479621 
E_elec, E_1, E_2, E_3: -9.03276023, -9.07539845, 0.04239897, 0.00023926
Del E_elec: 0.00125160
W: charges were damped!

Step: 4
Atomic charges:
-0.55892303 0.17505428 0.01018778 0.01020432 0.03177329 0.33170337 
E_elec, E_1, E_2, E_3: -9.03284323, -9.07699718, 0.04393581, 0.00021814
Del E_elec: 0.00008300
W: charges were damped!

Step: 5
Atomic charges:
-0.56170906 0.17330798 0.01099918 0.01101587 0.03257337 0.33381267 
E_elec, E_1, E_2, E_3: -9.03284935, -9.07740402, 0.04434167, 0.00021300
Del E_elec: 0.00000612

Step: 6
Atomic charges:
-0.56363765 0.17227596 0.01134393 0.01136096 0.03307815 0.33557865 
E_elec, E_1, E_2, E_3: -9.03284970, -9.07767739, 0.04461763, 0.00021006
Del E_elec: 0.00000035

---------------------------------------------
CONVERGENCE REACHED ON STEP 6.
---------------------------------------------
Final atomic charges:
-0.56363765  0.17227596  0.01134393  0.01136096  0.03307815  0.33557865 
Final orbital energies:
-0.77017907 -0.65615702 -0.60504606 -0.57030274 -0.55947727 -0.49307031 -0.45962588 -0.13862490 -0.11147222 -0.07544649 -0.06473067  0.11255006  0.25431792  0.26796699  0.36730798  0.41720252 
Final orbital coefficients:
 0.77838422 -0.19866187  0.23224506  0.00003959 -0.19272743 -0.21734714 -0.00000324  0.15649002  0.28893550  0.00002782  0.13177976  0.47274554 -0.19842452 -0.00107522  0.59406432  0.04832682
-0.07984709 -0.42635552 -0.10952081  0.00006626 -0.56883005 -0.19922247 -0.00001994  0.09769344 -0.06470905  0.00001140 -0.02691505 -0.78377678 -0.05645798 -0.00019574  0.17594908  0.19675464
-0.04378491  0.17544421  0.53070494  0.18563909 -0.24985009 -0.45147450  0.25955472 -0.02827063 -0.12933726  0.01876917  0.00499117  0.04005504  0.08943443  0.05494360 -0.73944125 -0.22750062
-0.01482098  0.05937075  0.17967342 -0.54823819 -0.08462058 -0.15281345 -0.76686087 -0.00958949 -0.04377301 -0.05545175  0.00170764  0.01356549  0.03102843 -0.16039876 -0.25037437 -0.07687286
 0.15481743  0.46586128 -0.18389489 -0.00004189 -0.09127599  0.00906139  0.00000695  0.49930045 -0.11963068 -0.00000063  0.00160936 -0.39167660  0.00608135  0.00100134 -0.36431706  1.15664991
 0.18782890  0.02611383  0.23086870 -0.00001216  0.38488033  0.07238128  0.00000093 -0.06634986 -0.13547290  0.00000642 -0.07374386 -0.98252474  0.03758387 -0.00024446  0.10373540 -0.38441540
-0.00544176  0.04819333  0.24804142  0.15318669 -0.23964998  0.43150513 -0.10415023 -0.01534166 -0.06356153  0.02859339  0.06385765  0.03252924  0.99035833 -0.34993430  0.29935740  0.10193698
-0.00184294  0.01629203  0.08400031 -0.45246369 -0.08115488  0.14605152  0.30773583 -0.00511444 -0.02153347 -0.08433229  0.02159975  0.01095618  0.33039587  1.04721734  0.10196246  0.03349431
 0.02013301  0.16140584 -0.21755094 -0.29010447 -0.06989750 -0.24042984  0.32306054 -0.20550403  0.02782514  0.31179090  0.17670044 -0.09172325  0.44585887 -0.77366500  0.29086857 -0.58784526
 0.00271383  0.00651546 -0.00957481 -0.00052227  0.00331568 -0.01322482  0.04931502  0.49140933 -0.02522058 -0.69345664 -0.38736924  0.04823181  0.16059634 -0.26493625  0.10677623 -0.35450362
 0.02014267  0.16145245 -0.21760828  0.29006094 -0.06984142 -0.24040821 -0.32302736 -0.20544250  0.02780359 -0.31167993  0.17680231 -0.09178796  0.43950391  0.77622052  0.29173512 -0.58918971
 0.00271092  0.00651560 -0.00957630  0.00052337  0.00332124 -0.01322044 -0.04931814  0.49144153 -0.02521857  0.69329699 -0.38768591  0.04824642  0.15836494  0.26551746  0.10704987 -0.35496396
 0.01778792  0.19127948  0.02346314  0.00001389 -0.33130937  0.40548014  0.00001134 -0.16563762  0.16987539 -0.00008504 -0.34299669 -0.10319352 -0.86667171 -0.00414842 -0.02629833 -0.69252774
 0.00150719  0.00425486 -0.01847393 -0.00000136  0.00057836  0.05213998 -0.00000168  0.38720698 -0.38594874  0.00015232  0.75532629  0.00521767 -0.29072472 -0.00153559  0.02470850 -0.38589603
 0.16073124 -0.20763823 -0.25767739 -0.00001324 -0.04143222  0.19651552  0.00000492 -0.11492730 -0.51007492 -0.00003672 -0.19929336  0.16224046  0.31432988  0.00157178 -0.97527098 -0.30061961
 0.01267544 -0.01446981 -0.04486745 -0.00000303  0.00595007  0.06351649  0.00000068  0.18153551  0.76879793  0.00005853  0.28086614 -0.18166218  0.19505752  0.00095539 -0.54022057 -0.17802314
E_elec, E_1, E_2, E_3: -9.03284970, -9.07767739, 0.04461763, 0.00021006
Repulsion and dispersion energies: 0.07300951, -0.00074233
Final total energy: -8.96058252 Hartree (-243.82986123 eV)