---------------------------------------------
GFN1-xTB CALCULATION.
---------------------------------------------

Overlap (S)
 1.00000000  0.00000000  0.00000000  0.00000000  0.45454678 -0.01058409  0.45454625 -0.01058434  0.45454895 -0.01058308  0.45454895 -0.01058308
 0.00000000  1.00000000  0.00000000  0.00000000  0.00000000  0.00000000  0.41354380  0.21332963 -0.20677351 -0.10666561 -0.20677351 -0.10666561
 0.00000000  0.00000000  1.00000000  0.00000000  0.00000000  0.00000000  0.00000000  0.00000000 -0.35813996 -0.18474909  0.35813996  0.18474909
 0.00000000  0.00000000  0.00000000  1.00000000  0.43862970  0.22627036 -0.14620968 -0.07542334 -0.14621081 -0.07542391 -0.14621081 -0.07542391
 0.45454678  0.00000000  0.00000000  0.43862970  1.00000000  0.00000000  0.18206110 -0.12772317  0.18206186 -0.12772314  0.18206186 -0.12772314
-0.01058409  0.00000000  0.00000000  0.22627036  0.00000000  1.00000000 -0.12772317  0.02572116 -0.12772314  0.02572134 -0.12772314  0.02572134
 0.45454625  0.41354380  0.00000000 -0.14620968  0.18206110 -0.12772317  1.00000000  0.00000000  0.18206156 -0.12772315  0.18206156 -0.12772315
-0.01058434  0.21332963  0.00000000 -0.07542334 -0.12772317  0.02572116  0.00000000  1.00000000 -0.12772315  0.02572127 -0.12772315  0.02572127
 0.45454895 -0.20677351 -0.35813996 -0.14621081  0.18206186 -0.12772314  0.18206156 -0.12772315  1.00000000  0.00000000  0.18206382 -0.12772305
-0.01058308 -0.10666561 -0.18474909 -0.07542391 -0.12772314  0.02572134 -0.12772315  0.02572127  0.00000000  1.00000000 -0.12772305  0.02572181
 0.45454895 -0.20677351  0.35813996 -0.14621081  0.18206186 -0.12772314  0.18206156 -0.12772315  0.18206382 -0.12772305  1.00000000  0.00000000
-0.01058308 -0.10666561  0.18474909 -0.07542391 -0.12772314  0.02572134 -0.12772315  0.02572127 -0.12772305  0.02572181  0.00000000  1.00000000

S^(-1/2)
 1.41638659 -0.00000218 -0.00000000 -0.00000109 -0.28960288 -0.07425019 -0.28960226 -0.07424994 -0.28960542 -0.07425125 -0.28960542 -0.07425125
-0.00000218  1.17483280 -0.00000000  0.00000088 -0.00000004  0.00000015 -0.30135071 -0.11030825  0.15067724  0.05515502  0.15067724  0.05515502
-0.00000000 -0.00000000  1.17483290  0.00000000  0.00000000  0.00000000 -0.00000000 -0.00000000  0.26097897  0.09553014 -0.26097897 -0.09553014
-0.00000109  0.00000088  0.00000000  1.17483238 -0.31963117 -0.11699977  0.10654343  0.03899993  0.10654480  0.03900040  0.10654480  0.03900040
-0.28960288 -0.00000004  0.00000000 -0.31963117  1.24590720  0.04243057 -0.03658040  0.05998532 -0.03658060  0.05998543 -0.03658060  0.05998543
-0.07425019  0.00000015  0.00000000 -0.11699977  0.04243057  1.03731837  0.05998534 -0.00442110  0.05998536 -0.00442113  0.05998536 -0.00442113
-0.28960226 -0.30135071 -0.00000000  0.10654343 -0.03658040  0.05998534  1.24590653  0.04243040 -0.03658054  0.05998538 -0.03658054  0.05998538
-0.07424994 -0.11030825 -0.00000000  0.03899993  0.05998532 -0.00442110  0.04243040  1.03731830  0.05998529 -0.00442112  0.05998529 -0.00442112
-0.28960542  0.15067724  0.26097897  0.10654480 -0.03658060  0.05998536 -0.03658054  0.05998529  1.24590994  0.04243127 -0.03658094  0.05998588
-0.07425125  0.05515502  0.09553014  0.03900040  0.05998543 -0.00442113  0.05998538 -0.00442112  0.04243127  1.03731868  0.05998588 -0.00442118
-0.28960542  0.15067724 -0.26097897  0.10654480 -0.03658060  0.05998536 -0.03658054  0.05998529 -0.03658094  0.05998588  1.24590994  0.04243127
-0.07425125  0.05515502 -0.09553014  0.03900040  0.05998543 -0.00442113  0.05998538 -0.00442112  0.05998588 -0.00442118  0.04243127  1.03731868

Step: 0
Atomic charges:
-0.16004382 0.04001078 0.04001069 0.04001118 0.04001118 
E_elec, E_1, E_2, E_3: -4.34052072, -4.34074225, 0.00036553, -0.00014400

Step: 1
Atomic charges:
-0.11434517 0.02858616 0.02858608 0.02858647 0.02858647 
E_elec, E_1, E_2, E_3: -4.34057573, -4.34061779, 0.00009457, -0.00005252
Del E_elec: 0.00005502
W: charges were damped!

Step: 2
Atomic charges:
-0.12434538 0.03108621 0.03108614 0.03108651 0.03108651 
E_elec, E_1, E_2, E_3: -4.34059728, -4.34066630, 0.00013656, -0.00006754
Del E_elec: 0.00002155
W: charges were damped!

Step: 3
Atomic charges:
-0.12831232 0.03207795 0.03207787 0.03207825 0.03207825 
E_elec, E_1, E_2, E_3: -4.34060055, -4.34068224, 0.00015590, -0.00007421
Del E_elec: 0.00000327

Step: 4
Atomic charges:
-0.13208090 0.03302009 0.03302001 0.03302040 0.03302040 
E_elec, E_1, E_2, E_3: -4.34060090, -4.34069565, 0.00017569, -0.00008094
Del E_elec: 0.00000035

---------------------------------------------
CONVERGENCE REACHED ON STEP 4.
---------------------------------------------
Final atomic charges:
-0.13208090  0.03302009  0.03302001  0.03302040  0.03302040 
Final orbital energies:
-0.62683991 -0.51291575 -0.51291533 -0.51291529 -0.14593152 -0.05942276 -0.05942270 -0.05942239  0.26930903  0.26931447  0.26931458  0.51504024 
Final orbital coefficients:
-0.53026835  0.00000195  0.00000029 -0.00000000  0.54118108  0.00000032  0.00000012 -0.00000000  0.00000626 -0.00000001  0.00002694  1.33776830
 0.00000100  0.48059793  0.33489401 -0.00290008  0.00000261  0.07328567 -0.00803696  0.00000391  0.69403006 -0.00044204  0.83931734 -0.00002757
-0.00000000 -0.00001104 -0.00505664 -0.58575796  0.00000000 -0.00000417 -0.00000212  0.07372197 -0.00000132 -1.08909650 -0.00057250 -0.00000000
 0.00000050  0.33490635 -0.48058055  0.00414237  0.00000130  0.00803614  0.07328550  0.00000256 -0.83931494 -0.00036381  0.69403182 -0.00001375
-0.22019237  0.29429731 -0.42230624  0.00364007 -0.16173983 -0.03868867 -0.35280522 -0.00001231  0.74917419  0.00032475 -0.61950948 -0.58676621
-0.00824231  0.01541571 -0.02212132  0.00019067  0.39852254  0.09337875  0.85151812  0.00002971  0.23540297  0.00010204 -0.19466572 -0.34807752
-0.22019200  0.30007101  0.41822401 -0.00361604 -0.16174017 -0.31973187  0.15407822 -0.00001367 -0.83379394  0.00026376 -0.49984657 -0.58675957
-0.00824232  0.01571814  0.02190744 -0.00018942  0.39852219  0.77169320 -0.37187669  0.00003298 -0.26199468  0.00008288 -0.15706591 -0.34807529
-0.22019388 -0.29717444  0.00566946  0.42026272 -0.16173842  0.17919355  0.09935507  0.28980277  0.04230295 -0.79404056  0.55923513 -0.58679338
-0.00824227 -0.01556667  0.00029696  0.02201433  0.39852395 -0.43249529 -0.23980024 -0.69946162  0.01329134 -0.24949903  0.17571657 -0.34808666
-0.22019388 -0.29719028 -0.00158671 -0.42028676 -0.16173842  0.17922634  0.09937169 -0.28977679  0.04230487  0.79345208  0.56006961 -0.58679338
-0.00824227 -0.01556750 -0.00008313 -0.02201559  0.39852396 -0.43257442 -0.23984037  0.69939893  0.01329194  0.24931412  0.17597878 -0.34808666
E_elec, E_1, E_2, E_3: -4.34060090, -4.34069565, 0.00017569, -0.00008094
Repulsion and dispersion energies: 0.06680637, -0.00045475
Final total energy: -4.27424928 Hartree (-116.30824299 eV)