---------------------------------------------
GFN1-xTB CALCULATION.
---------------------------------------------

Overlap (S)
 1.000000  0.000000  0.000000  0.000000  0.454547 -0.010584  0.454546 -0.010584  0.454549 -0.010583  0.454549 -0.010583
 0.000000  1.000000  0.000000  0.000000  0.000000  0.000000  0.413544  0.213330 -0.206774 -0.106666 -0.206774 -0.106666
 0.000000  0.000000  1.000000  0.000000  0.000000  0.000000  0.000000  0.000000 -0.358140 -0.184749  0.358140  0.184749
 0.000000  0.000000  0.000000  1.000000  0.438630  0.226270 -0.146210 -0.075423 -0.146211 -0.075424 -0.146211 -0.075424
 0.454547  0.000000  0.000000  0.438630  1.000000  0.000000  0.182061 -0.127723  0.182062 -0.127723  0.182062 -0.127723
-0.010584  0.000000  0.000000  0.226270  0.000000  1.000000 -0.127723  0.025721 -0.127723  0.025721 -0.127723  0.025721
 0.454546  0.413544  0.000000 -0.146210  0.182061 -0.127723  1.000000  0.000000  0.182062 -0.127723  0.182062 -0.127723
-0.010584  0.213330  0.000000 -0.075423 -0.127723  0.025721  0.000000  1.000000 -0.127723  0.025721 -0.127723  0.025721
 0.454549 -0.206774 -0.358140 -0.146211  0.182062 -0.127723  0.182062 -0.127723  1.000000  0.000000  0.182064 -0.127723
-0.010583 -0.106666 -0.184749 -0.075424 -0.127723  0.025721 -0.127723  0.025721  0.000000  1.000000 -0.127723  0.025722
 0.454549 -0.206774  0.358140 -0.146211  0.182062 -0.127723  0.182062 -0.127723  0.182064 -0.127723  1.000000  0.000000
-0.010583 -0.106666  0.184749 -0.075424 -0.127723  0.025721 -0.127723  0.025721 -0.127723  0.025722  0.000000  1.000000

S^(-1/2)
 1.416387 -0.000002 -0.000000 -0.000001 -0.289603 -0.074250 -0.289602 -0.074250 -0.289605 -0.074251 -0.289605 -0.074251
-0.000002  1.174833 -0.000000  0.000001 -0.000000  0.000000 -0.301351 -0.110308  0.150677  0.055155  0.150677  0.055155
-0.000000 -0.000000  1.174833  0.000000  0.000000  0.000000 -0.000000 -0.000000  0.260979  0.095530 -0.260979 -0.095530
-0.000001  0.000001  0.000000  1.174832 -0.319631 -0.117000  0.106543  0.039000  0.106545  0.039000  0.106545  0.039000
-0.289603 -0.000000  0.000000 -0.319631  1.245907  0.042431 -0.036580  0.059985 -0.036581  0.059985 -0.036581  0.059985
-0.074250  0.000000  0.000000 -0.117000  0.042431  1.037318  0.059985 -0.004421  0.059985 -0.004421  0.059985 -0.004421
-0.289602 -0.301351 -0.000000  0.106543 -0.036580  0.059985  1.245907  0.042430 -0.036581  0.059985 -0.036581  0.059985
-0.074250 -0.110308 -0.000000  0.039000  0.059985 -0.004421  0.042430  1.037318  0.059985 -0.004421  0.059985 -0.004421
-0.289605  0.150677  0.260979  0.106545 -0.036581  0.059985 -0.036581  0.059985  1.245910  0.042431 -0.036581  0.059986
-0.074251  0.055155  0.095530  0.039000  0.059985 -0.004421  0.059985 -0.004421  0.042431  1.037319  0.059986 -0.004421
-0.289605  0.150677 -0.260979  0.106545 -0.036581  0.059985 -0.036581  0.059985 -0.036581  0.059986  1.245910  0.042431
-0.074251  0.055155 -0.095530  0.039000  0.059985 -0.004421  0.059985 -0.004421  0.059986 -0.004421  0.042431  1.037319

Zero-th order Hamiltonian
-0.511221  0.000000  0.000000  0.000000 -0.356941  0.006831 -0.356940  0.006831 -0.356943  0.006830 -0.356943  0.006830
 0.000000 -0.365031  0.000000  0.000000 -0.000000 -0.000000 -0.333097 -0.122118  0.166550  0.061060  0.166550  0.061060
 0.000000  0.000000 -0.365031  0.000000 -0.000000 -0.000000 -0.000000 -0.000000  0.288470  0.105758 -0.288470 -0.105758
 0.000000  0.000000  0.000000 -0.365031 -0.353302 -0.129526  0.117767  0.043175  0.117768  0.043176  0.117768  0.043176
-0.356941 -0.000000 -0.000000 -0.353302 -0.403823  0.000000 -0.130572  0.072653 -0.130573  0.072653 -0.130573  0.072653
 0.006831 -0.000000 -0.000000 -0.129526  0.000000 -0.080292  0.072653 -0.005886  0.072653 -0.005886  0.072653 -0.005886
-0.356940 -0.333097 -0.000000  0.117767 -0.130572  0.072653 -0.403823  0.000000 -0.130573  0.072653 -0.130573  0.072653
 0.006831 -0.122118 -0.000000  0.043175  0.072653 -0.005886  0.000000 -0.080292  0.072653 -0.005886  0.072653 -0.005886
-0.356943  0.166550  0.288470  0.117768 -0.130573  0.072653 -0.130573  0.072653 -0.403823  0.000000 -0.130574  0.072653
 0.006830  0.061060  0.105758  0.043176  0.072653 -0.005886  0.072653 -0.005886  0.000000 -0.080292  0.072653 -0.005886
-0.356943  0.166550 -0.288470  0.117768 -0.130573  0.072653 -0.130573  0.072653 -0.130574  0.072653 -0.403823  0.000000
 0.006830  0.061060 -0.105758  0.043176  0.072653 -0.005886  0.072653 -0.005886  0.072653 -0.005886  0.000000 -0.080292

---------------------------------------------
STARTING SCF CYCLES.
---------------------------------------------

Step    E_elec      E_1       E_2       E_3     Damping
 1    -4.340521  -4.340742  0.000366  -0.000144    yes
 2    -4.340598  -4.340709  0.000200  -0.000089    yes
 3    -4.340601  -4.340694  0.000173  -0.000080    yes
 4    -4.340601  -4.340691  0.000168  -0.000078    yes

---------------------------------------------
CONVERGENCE REACHED ON STEP 4.
---------------------------------------------

Final atomic charges:
-0.130723  0.032681  0.032681  0.032681  0.032681 
Final orbital energies:
-0.626413 -0.512476 -0.512476 -0.512476 -0.145560 -0.059069 -0.059069 -0.059069  0.269739  0.269744  0.269744  0.515450 
Final orbital coefficients:
-0.530091  0.000001 -0.000000  0.000000 -0.220263 -0.008235 -0.220262 -0.008235 -0.220264 -0.008235 -0.220264 -0.008235
 0.000002  0.480653 -0.000001  0.334576  0.294157  0.015415  0.300366  0.015740 -0.297259 -0.015577 -0.297260 -0.015577
 0.000000  0.334566 -0.004745 -0.480638 -0.422571 -0.022144  0.418181  0.021914  0.005601  0.000294 -0.001211 -0.000063
-0.000000 -0.002711 -0.585617  0.003894  0.003424  0.000179 -0.003389 -0.000178  0.420370  0.022029 -0.420405 -0.022031
 0.541162  0.000003  0.000000  0.000001 -0.161687  0.398542 -0.161687  0.398541 -0.161686  0.398543 -0.161686  0.398543
 0.000000  0.073406 -0.000001  0.006507 -0.031334  0.075642 -0.322819  0.779276  0.177072 -0.427447  0.177081 -0.427468
 0.000000 -0.006508 -0.000000  0.073406 -0.353480  0.853290  0.147370 -0.355745  0.103055 -0.248771  0.103056 -0.248774
-0.000000  0.000001  0.073691  0.000000 -0.000001  0.000003 -0.000005  0.000011  0.289748 -0.699448 -0.289743  0.699435
 0.000006  0.694097 -0.000001 -0.839362  0.749122  0.235369 -0.833759 -0.261964  0.042312  0.013293  0.042314  0.013294
-0.000000 -0.000522 -1.089176 -0.000430  0.000384  0.000121  0.000311  0.000098 -0.794052 -0.249483  0.793356  0.249265
 0.000027  0.839364 -0.000677  0.694099 -0.619491 -0.194645 -0.499803 -0.157040  0.559128  0.175670  0.560115  0.175980
 1.337846 -0.000028 -0.000000 -0.000014 -0.586754 -0.348056 -0.586748 -0.348053 -0.586782 -0.348065 -0.586782 -0.348065
E_elec, E_1, E_2, E_3: -4.340601, -4.340691, 0.000168, -0.000078
Repulsion and dispersion energies: 0.06680637, -0.00045475
Final total energy: -4.27424946 Hartree (-116.30824792 eV)