---------------------------------------------
GFN1-xTB CALCULATION.
---------------------------------------------

Molecule coordinates (Bohr)
O    1.3377   0.0000   0.0000
C   -1.3377   0.0000   0.0000
H   -2.0281  -1.4532   1.2948
H   -2.0279  -0.3679  -1.9111
H   -2.0092   1.8493   0.6259
H    1.8776  -1.6637  -0.5631

Overlap (S)
 1.000000 -0.000000  0.000000  0.000000  0.213526  0.303897  0.000000  0.000000  0.069090 -0.102190  0.069109 -0.102199  0.070052 -0.102590  0.455786  0.048465
-0.000000  1.000000  0.000000  0.000000 -0.263362 -0.296031  0.000000  0.000000 -0.074860  0.031361 -0.074880  0.031349 -0.075642  0.030689  0.118805  0.065458
 0.000000  0.000000  1.000000  0.000000  0.000000  0.000000  0.134499  0.000000 -0.032321  0.013540 -0.008186  0.003427  0.041795 -0.016957 -0.366105 -0.201713
 0.000000  0.000000  0.000000  1.000000  0.000000  0.000000  0.000000  0.134499  0.028799 -0.012065 -0.042519  0.017801  0.014145 -0.005739 -0.123920 -0.068276
 0.213526 -0.263362  0.000000  0.000000  1.000000 -0.000000  0.000000  0.000000  0.452283 -0.011641  0.452363 -0.011603  0.452475 -0.011551  0.121001 -0.121940
 0.303897 -0.296031  0.000000  0.000000 -0.000000  1.000000  0.000000  0.000000 -0.146177 -0.075426 -0.146171 -0.075422 -0.142254 -0.073401  0.135112 -0.018579
 0.000000  0.000000  0.134499  0.000000  0.000000  0.000000  1.000000  0.000000 -0.307720 -0.158780 -0.077928 -0.040210  0.391810  0.202166 -0.069910  0.009613
 0.000000  0.000000  0.000000  0.134499  0.000000  0.000000  0.000000  1.000000  0.274187  0.141478 -0.404771 -0.208856  0.132605  0.068422 -0.023663  0.003254
 0.069090 -0.074860 -0.032321  0.028799  0.452283 -0.146177 -0.307720  0.274187  1.000000  0.000000  0.178658 -0.127850  0.180775 -0.127776  0.082122 -0.106158
-0.102190  0.031361  0.013540 -0.012065 -0.011641 -0.075426 -0.158780  0.141478  0.000000  1.000000 -0.127850  0.024925 -0.127776  0.025415 -0.106158  0.023592
 0.069109 -0.074880 -0.008186 -0.042519  0.452363 -0.146171 -0.077928 -0.404771  0.178658 -0.127850  1.000000  0.000000  0.180811 -0.127775  0.082137 -0.106167
-0.102199  0.031349  0.003427  0.017801 -0.011603 -0.075422 -0.040210 -0.208856 -0.127850  0.024925  0.000000  1.000000 -0.127775  0.025423 -0.106167  0.023589
 0.070052 -0.075642  0.041795  0.014145  0.452475 -0.142254  0.391810  0.132605  0.180775 -0.127776  0.180811 -0.127775  1.000000  0.000000  0.032117 -0.061356
-0.102590  0.030689 -0.016957 -0.005739 -0.011551 -0.073401  0.202166  0.068422 -0.127776  0.025415 -0.127775  0.025423  0.000000  1.000000 -0.061356  0.035813
 0.455786  0.118805 -0.366105 -0.123920  0.121001  0.135112 -0.069910 -0.023663  0.082122 -0.106158  0.082137 -0.106167  0.032117 -0.061356  1.000000  0.000000
 0.048465  0.065458 -0.201713 -0.068276 -0.121940 -0.018579  0.009613  0.003254 -0.106158  0.023592 -0.106167  0.023589 -0.061356  0.035813  0.000000  1.000000

Zero-th order Hamiltonian
-0.870144  0.000000  0.000000  0.000000 -0.217028 -0.337162 -0.000000 -0.000000 -0.064353  0.091185 -0.064371  0.091193 -0.065278  0.091581 -0.457922 -0.046646
 0.000000 -0.653394  0.000000  0.000000  0.281312  0.324767 -0.000000 -0.000000  0.076115 -0.027424  0.076135 -0.027414  0.076920 -0.026840 -0.123433 -0.058489
 0.000000  0.000000 -0.653394  0.000000 -0.000000 -0.000000 -0.147555 -0.000000  0.032863 -0.011840  0.008323 -0.002997 -0.042501  0.014830  0.380366  0.180237
 0.000000  0.000000  0.000000 -0.653394 -0.000000 -0.000000 -0.000000 -0.147555 -0.029282  0.010550  0.043232 -0.015566 -0.014384  0.005019  0.128747  0.061007
-0.217028  0.281312 -0.000000 -0.000000 -0.511256  0.000000  0.000000  0.000000 -0.355129  0.007512 -0.355194  0.007488 -0.355285  0.007454 -0.092581  0.076677
-0.337162  0.324767 -0.000000 -0.000000  0.000000 -0.365018  0.000000  0.000000  0.117741  0.043176  0.117736  0.043174  0.114582  0.042017 -0.109127  0.010664
-0.000000 -0.000000 -0.147555 -0.000000  0.000000  0.000000 -0.365018  0.000000  0.247859  0.090891  0.062769  0.023017 -0.315591 -0.115726  0.056465 -0.005518
-0.000000 -0.000000 -0.000000 -0.147555  0.000000  0.000000  0.000000 -0.365018 -0.220849 -0.080986  0.326031  0.119556 -0.106810 -0.039167  0.019112 -0.001868
-0.064353  0.076115  0.032863 -0.029282 -0.355129  0.117741  0.247859 -0.220849 -0.403826  0.000000 -0.128133  0.072726 -0.129651  0.072684 -0.058900  0.060388
 0.091185 -0.027424 -0.011840  0.010550  0.007512  0.043176  0.090891 -0.080986  0.000000 -0.080293  0.072726 -0.005704  0.072684 -0.005816  0.060390 -0.005399
-0.064371  0.076135  0.008323  0.043232 -0.355194  0.117736  0.062769  0.326031 -0.128133  0.072726 -0.403826  0.000000 -0.129677  0.072684 -0.058910  0.060393
 0.091193 -0.027414 -0.002997 -0.015566  0.007488  0.043174  0.023017  0.119556  0.072726 -0.005704  0.000000 -0.080293  0.072684 -0.005818  0.060395 -0.005398
-0.065278  0.076920 -0.042501 -0.014384 -0.355285  0.114582 -0.315591 -0.106810 -0.129651  0.072684 -0.129677  0.072684 -0.403827  0.000000 -0.023035  0.034902
 0.091581 -0.026840  0.014830  0.005019  0.007454  0.042017 -0.115726 -0.039167  0.072684 -0.005816  0.072684 -0.005818  0.000000 -0.080293  0.034904 -0.008195
-0.457922 -0.123433  0.380366  0.128747 -0.092581 -0.109127  0.056465  0.019112 -0.058900  0.060390 -0.058910  0.060395 -0.023035  0.034904 -0.403854  0.000000
-0.046646 -0.058489  0.180237  0.061007  0.076677  0.010664 -0.005518 -0.001868  0.060388 -0.005399  0.060393 -0.005398  0.034902 -0.008195  0.000000 -0.080298

Density first guess
 1.731134  0.203291  0.290798  0.098428 -0.008902  0.181203 -0.018183 -0.006151 -0.014195  0.011942 -0.014206  0.011938 -0.078055 -0.006336  0.098690 -0.011006
 0.203291  1.384365  0.163023  0.055189 -0.210046 -0.483802 -0.000595 -0.000223  0.078714  0.001670  0.078721  0.001670  0.050321 -0.010470  0.157621 -0.008194
 0.290798  0.163023  1.527313 -0.158968  0.004092 -0.009809 -0.010397  0.002454  0.121384  0.018031  0.017435 -0.015152 -0.107282 -0.046992 -0.437748 -0.091754
 0.098428  0.055189 -0.158968  1.943162  0.001397 -0.003324  0.002451 -0.016840 -0.130067 -0.048525  0.177035  0.049500 -0.036316 -0.015904 -0.148171 -0.031057
-0.008902 -0.210046  0.004092  0.001397  0.501320 -0.158530 -0.001526 -0.000505  0.251685  0.009799  0.251682  0.009796  0.247503  0.009853 -0.019138  0.003601
 0.181203 -0.483802 -0.009809 -0.003324 -0.158530  0.324705 -0.002682 -0.000911 -0.162489 -0.003809 -0.162480 -0.003807 -0.161269 -0.002010 -0.053411 -0.001322
-0.018183 -0.000595 -0.010397  0.002451 -0.001526 -0.002682  0.669835  0.002515 -0.424893 -0.027842 -0.109939 -0.006103  0.541076  0.037393  0.048084  0.033952
-0.006151 -0.000223  0.002454 -0.016840 -0.000505 -0.000911  0.002515  0.663293  0.374762  0.026368 -0.555759 -0.037863  0.183153  0.012654  0.016280  0.011491
-0.014195  0.078714  0.121384 -0.130067  0.251685 -0.162489 -0.424893  0.374762  0.648910  0.041836 -0.101777 -0.016037 -0.095756 -0.014114 -0.029374 -0.017292
 0.011942  0.001670  0.018031 -0.048525  0.009799 -0.003809 -0.027842  0.026368  0.041836  0.003793 -0.016030 -0.002267 -0.010133 -0.000869 -0.000103 -0.000881
-0.014206  0.078721  0.017435  0.177035  0.251682 -0.162480 -0.109939 -0.555759 -0.101777 -0.016030  0.648858  0.041835 -0.095758 -0.014109 -0.029379 -0.017289
 0.011938  0.001670 -0.015152  0.049500  0.009796 -0.003807 -0.006103 -0.037863 -0.016037 -0.002267  0.041835  0.003793 -0.010135 -0.000868 -0.000102 -0.000880
-0.078055  0.050321 -0.107282 -0.036316  0.247503 -0.161269  0.541076  0.183153 -0.095756 -0.010133 -0.095758 -0.010135  0.641884  0.041896  0.088404  0.039674
-0.006336 -0.010470 -0.046992 -0.015904  0.009853 -0.002010  0.037393  0.012654 -0.014114 -0.000869 -0.014109 -0.000868  0.041896  0.004176  0.018461  0.005426
 0.098690  0.157621 -0.437748 -0.148171 -0.019138 -0.053411  0.048084  0.016280 -0.029374 -0.000103 -0.029379 -0.000102  0.088404  0.018461  0.199140  0.034496
-0.011006 -0.008194 -0.091754 -0.031057  0.003601 -0.001322  0.033952  0.011491 -0.017292 -0.000881 -0.017289 -0.000880  0.039674  0.005426  0.034496  0.008322

---------------------------------------------
STARTING SCF CYCLES.
---------------------------------------------

Step       E_elec       E_1          E_2          E_3       Damping
  1      -8.959405    -9.117749     0.154554     0.003790     yes
  2      -9.027997    -9.095148     0.066773     0.000377     yes
  3      -9.032549    -9.081838     0.049085     0.000204     yes
  4      -9.032823    -9.078645     0.045616     0.000206     yes
  5      -9.032846    -9.077861     0.044804     0.000210     yes
  6      -9.032849    -9.077651     0.044590     0.000211     yes
  7      -9.032850    -9.077590     0.044528     0.000212     yes
  8      -9.032850    -9.077570     0.044509     0.000212     yes
  9      -9.032850    -9.077563     0.044502     0.000212     yes

---------------------------------------------
CONVERGENCE REACHED ON STEP 9.
---------------------------------------------

Final atomic charges:
O    -0.562860
C     0.172811
H     0.011055
H     0.011072
H     0.032849
H     0.335073
Final orbital energies:
-0.769925 -0.655978 -0.604858 -0.570113 -0.559266 -0.492911 -0.459405 -0.138568 -0.111442 -0.075408 -0.064680  0.112758  0.254418  0.268068  0.367407  0.417301 
Final orbital coefficients:
 0.778193 -0.079839 -0.043855 -0.014845  0.154885  0.187846 -0.005458 -0.001849  0.020186  0.002705  0.020196  0.002702  0.017823  0.001502  0.160936  0.012685
-0.198659 -0.425866  0.175260  0.059308  0.465960  0.025813  0.048148  0.016277  0.161645  0.006519  0.161691  0.006519  0.191472  0.004261 -0.207607 -0.014470
 0.232150 -0.110192  0.530338  0.179549 -0.183558  0.231203  0.248090  0.084017 -0.217663 -0.009576 -0.217721 -0.009578  0.023566 -0.018457 -0.257836 -0.044863
 0.000040  0.000066  0.185402 -0.547538 -0.000042 -0.000012  0.153262 -0.452685 -0.290456 -0.000561  0.290412  0.000562  0.000014 -0.000001 -0.000013 -0.000003
-0.192843 -0.568799 -0.249724 -0.084578 -0.090779  0.384725 -0.240103 -0.081308 -0.069493  0.003347 -0.069437  0.003353 -0.331595  0.000563 -0.041565  0.005937
-0.217741 -0.199668 -0.451845 -0.152939  0.009144  0.072575  0.431111  0.145918 -0.240417 -0.013220 -0.240395 -0.013216  0.405282  0.052175  0.196647  0.063570
-0.000003 -0.000020  0.259721 -0.767351  0.000007  0.000001 -0.103976  0.307222  0.322863  0.049345 -0.322829 -0.049348  0.000011 -0.000002  0.000005  0.000001
 0.156665  0.097653 -0.028315 -0.009605  0.499200 -0.066450 -0.015374 -0.005125 -0.205451  0.491458 -0.205390  0.491490 -0.165485  0.386974 -0.115102  0.181872
 0.288830 -0.064641 -0.129322 -0.043768 -0.119777 -0.135298 -0.063535 -0.021524  0.027985 -0.025565  0.027963 -0.025563  0.169844 -0.385925 -0.510007  0.768864
 0.000028  0.000011  0.018779 -0.055481 -0.000001  0.000007  0.028586 -0.084312  0.311760 -0.693464 -0.311649  0.693305 -0.000084  0.000151 -0.000036  0.000058
 0.131683 -0.026812  0.005036  0.001723  0.001738 -0.073621  0.063854  0.021598  0.176663 -0.387327  0.176764 -0.387642 -0.343027  0.755476 -0.199156  0.280692
 0.472818 -0.783853  0.040027  0.013556 -0.391629 -0.982531  0.032535  0.010958 -0.091723  0.048154 -0.091787  0.048169 -0.103229  0.005190  0.162115 -0.181526
-0.198526 -0.056499  0.089546  0.031066  0.006044  0.037608  0.990370  0.330401  0.445846  0.160593  0.439493  0.158362 -0.866599 -0.290678  0.314454  0.195105
-0.001076 -0.000196  0.054957 -0.160437  0.001001 -0.000244 -0.349954  1.047274 -0.773629 -0.264910  0.776183  0.265491 -0.004147 -0.001535  0.001572  0.000955
 0.594106  0.175949 -0.739528 -0.250404 -0.364406  0.103758  0.299467  0.102000  0.290936  0.106804  0.291803  0.107078 -0.026333  0.024700 -0.975184 -0.540128
 0.048338  0.196823 -0.227569 -0.076896  1.156709 -0.384388  0.102013  0.033520 -0.587787 -0.354462 -0.589131 -0.354922 -0.692563 -0.385892 -0.300651 -0.178018
Final electronic energy (E_1, E_2, E_3): -9.032850 (-9.077563, 0.044502, 0.000212)
Repulsion and dispersion energies: 0.07300951, -0.00074233
Final total energy: -8.96058281 Hartree (-243.82986907 eV)