---------------------------------------------
GFN1-xTB CALCULATION.
---------------------------------------------

Overlap (S)
 1.000000 -0.000000  0.000000  0.000000  0.213526  0.303897  0.000000  0.000000  0.069090 -0.102190  0.069109 -0.102199  0.070052 -0.102590  0.455786  0.048465
-0.000000  1.000000  0.000000  0.000000 -0.263362 -0.296031  0.000000  0.000000 -0.074860  0.031361 -0.074880  0.031349 -0.075642  0.030689  0.118805  0.065458
 0.000000  0.000000  1.000000  0.000000  0.000000  0.000000  0.134499  0.000000 -0.032321  0.013540 -0.008186  0.003427  0.041795 -0.016957 -0.366105 -0.201713
 0.000000  0.000000  0.000000  1.000000  0.000000  0.000000  0.000000  0.134499  0.028799 -0.012065 -0.042519  0.017801  0.014145 -0.005739 -0.123920 -0.068276
 0.213526 -0.263362  0.000000  0.000000  1.000000 -0.000000  0.000000  0.000000  0.452283 -0.011641  0.452363 -0.011603  0.452475 -0.011551  0.121001 -0.121940
 0.303897 -0.296031  0.000000  0.000000 -0.000000  1.000000  0.000000  0.000000 -0.146177 -0.075426 -0.146171 -0.075422 -0.142254 -0.073401  0.135112 -0.018579
 0.000000  0.000000  0.134499  0.000000  0.000000  0.000000  1.000000  0.000000 -0.307720 -0.158780 -0.077928 -0.040210  0.391810  0.202166 -0.069910  0.009613
 0.000000  0.000000  0.000000  0.134499  0.000000  0.000000  0.000000  1.000000  0.274187  0.141478 -0.404771 -0.208856  0.132605  0.068422 -0.023663  0.003254
 0.069090 -0.074860 -0.032321  0.028799  0.452283 -0.146177 -0.307720  0.274187  1.000000  0.000000  0.178658 -0.127850  0.180775 -0.127776  0.082122 -0.106158
-0.102190  0.031361  0.013540 -0.012065 -0.011641 -0.075426 -0.158780  0.141478  0.000000  1.000000 -0.127850  0.024925 -0.127776  0.025415 -0.106158  0.023592
 0.069109 -0.074880 -0.008186 -0.042519  0.452363 -0.146171 -0.077928 -0.404771  0.178658 -0.127850  1.000000  0.000000  0.180811 -0.127775  0.082137 -0.106167
-0.102199  0.031349  0.003427  0.017801 -0.011603 -0.075422 -0.040210 -0.208856 -0.127850  0.024925  0.000000  1.000000 -0.127775  0.025423 -0.106167  0.023589
 0.070052 -0.075642  0.041795  0.014145  0.452475 -0.142254  0.391810  0.132605  0.180775 -0.127776  0.180811 -0.127775  1.000000  0.000000  0.032117 -0.061356
-0.102590  0.030689 -0.016957 -0.005739 -0.011551 -0.073401  0.202166  0.068422 -0.127776  0.025415 -0.127775  0.025423  0.000000  1.000000 -0.061356  0.035813
 0.455786  0.118805 -0.366105 -0.123920  0.121001  0.135112 -0.069910 -0.023663  0.082122 -0.106158  0.082137 -0.106167  0.032117 -0.061356  1.000000  0.000000
 0.048465  0.065458 -0.201713 -0.068276 -0.121940 -0.018579  0.009613  0.003254 -0.106158  0.023592 -0.106167  0.023589 -0.061356  0.035813  0.000000  1.000000

S^(-1/2)
 1.174921 -0.036958 -0.092754 -0.031396 -0.122089 -0.171891 -0.006088 -0.002059 -0.005173  0.031636 -0.005175  0.031643 -0.006968  0.042731 -0.288410 -0.064188
-0.036958  1.089962 -0.033773 -0.011432  0.159445  0.190820 -0.002129 -0.000721  0.010172 -0.015314  0.010174 -0.015314  0.009083 -0.011315 -0.105554 -0.022462
-0.092754 -0.033773  1.101571  0.031635 -0.004211 -0.008164 -0.070423  0.001615  0.001350 -0.005106  0.001419  0.006960 -0.000194  0.022132  0.256764  0.125465
-0.031396 -0.011432  0.031635  1.018817 -0.001425 -0.002763  0.001615 -0.074647  0.000571  0.018133  0.000368 -0.017504 -0.000066  0.007490  0.086910  0.042468
-0.122089  0.159445 -0.004211 -0.001425  1.366364 -0.041209  0.000563  0.000138 -0.285653 -0.065706 -0.285746 -0.065741 -0.288146 -0.064749 -0.037196  0.036975
-0.171891  0.190820 -0.008164 -0.002763 -0.041209  1.133688 -0.000866 -0.000282  0.109150  0.043690  0.109161  0.043691  0.104436  0.044258 -0.045965  0.022884
-0.006088 -0.002129 -0.070423  0.001615  0.000563 -0.000866  1.181879 -0.000468  0.222788  0.084618  0.055762  0.021849 -0.284963 -0.106735  0.021427 -0.006140
-0.002059 -0.000721  0.001615 -0.074647  0.000138 -0.000282 -0.000468  1.183152 -0.199607 -0.074703  0.293965  0.110768 -0.096445 -0.036119  0.007252 -0.002075
-0.005173  0.010172  0.001350  0.000571 -0.285653  0.109150  0.222788 -0.199607  1.238861  0.042667 -0.040312  0.059941 -0.042485  0.061283 -0.018520  0.039190
 0.031636 -0.015314 -0.005106  0.018133 -0.065706  0.043690  0.084618 -0.074703  0.042667  1.038901  0.059938 -0.003651  0.061683 -0.005200  0.044870 -0.007462
-0.005175  0.010174  0.001419  0.000368 -0.285746  0.109161  0.055762  0.293965 -0.040312  0.059938  1.238959  0.042694 -0.042494  0.061289 -0.018525  0.039195
 0.031643 -0.015314  0.006960 -0.017504 -0.065741  0.043691  0.021849  0.110768  0.059941 -0.003651  0.042694  1.038912  0.061691 -0.005202  0.044876 -0.007461
-0.006968  0.009083 -0.000194 -0.000066 -0.288146  0.104436 -0.284963 -0.096445 -0.042485  0.061683 -0.042494  0.061691  1.236852  0.043905 -0.005048  0.009932
 0.042731 -0.011315  0.022132  0.007490 -0.064749  0.044258 -0.106735 -0.036119  0.061283 -0.005200  0.061289 -0.005202  0.043905  1.037056  0.012410 -0.008885
-0.288410 -0.105554  0.256764  0.086910 -0.037196 -0.045965  0.021427  0.007252 -0.018520  0.044870 -0.018525  0.044876 -0.005048  0.012410  1.214860  0.053372
-0.064188 -0.022462  0.125465  0.042468  0.036975  0.022884 -0.006140 -0.002075  0.039190 -0.007462  0.039195 -0.007461  0.009932 -0.008885  0.053372  1.036153

Zero-th order Hamiltonian
-0.870144  0.000000  0.000000  0.000000 -0.217028 -0.337162 -0.000000 -0.000000 -0.064353  0.091185 -0.064371  0.091193 -0.065278  0.091581 -0.457922 -0.046646
 0.000000 -0.653394  0.000000  0.000000  0.281312  0.324767 -0.000000 -0.000000  0.076115 -0.027424  0.076135 -0.027414  0.076920 -0.026840 -0.123433 -0.058489
 0.000000  0.000000 -0.653394  0.000000 -0.000000 -0.000000 -0.147555 -0.000000  0.032863 -0.011840  0.008323 -0.002997 -0.042501  0.014830  0.380366  0.180237
 0.000000  0.000000  0.000000 -0.653394 -0.000000 -0.000000 -0.000000 -0.147555 -0.029282  0.010550  0.043232 -0.015566 -0.014384  0.005019  0.128747  0.061007
-0.217028  0.281312 -0.000000 -0.000000 -0.511256  0.000000  0.000000  0.000000 -0.355129  0.007512 -0.355194  0.007488 -0.355285  0.007454 -0.092581  0.076677
-0.337162  0.324767 -0.000000 -0.000000  0.000000 -0.365018  0.000000  0.000000  0.117741  0.043176  0.117736  0.043174  0.114582  0.042017 -0.109127  0.010664
-0.000000 -0.000000 -0.147555 -0.000000  0.000000  0.000000 -0.365018  0.000000  0.247859  0.090891  0.062769  0.023017 -0.315591 -0.115726  0.056465 -0.005518
-0.000000 -0.000000 -0.000000 -0.147555  0.000000  0.000000  0.000000 -0.365018 -0.220849 -0.080986  0.326031  0.119556 -0.106810 -0.039167  0.019112 -0.001868
-0.064353  0.076115  0.032863 -0.029282 -0.355129  0.117741  0.247859 -0.220849 -0.403826  0.000000 -0.128133  0.072726 -0.129651  0.072684 -0.058900  0.060388
 0.091185 -0.027424 -0.011840  0.010550  0.007512  0.043176  0.090891 -0.080986  0.000000 -0.080293  0.072726 -0.005704  0.072684 -0.005816  0.060390 -0.005399
-0.064371  0.076135  0.008323  0.043232 -0.355194  0.117736  0.062769  0.326031 -0.128133  0.072726 -0.403826  0.000000 -0.129677  0.072684 -0.058910  0.060393
 0.091193 -0.027414 -0.002997 -0.015566  0.007488  0.043174  0.023017  0.119556  0.072726 -0.005704  0.000000 -0.080293  0.072684 -0.005818  0.060395 -0.005398
-0.065278  0.076920 -0.042501 -0.014384 -0.355285  0.114582 -0.315591 -0.106810 -0.129651  0.072684 -0.129677  0.072684 -0.403827  0.000000 -0.023035  0.034902
 0.091581 -0.026840  0.014830  0.005019  0.007454  0.042017 -0.115726 -0.039167  0.072684 -0.005816  0.072684 -0.005818  0.000000 -0.080293  0.034904 -0.008195
-0.457922 -0.123433  0.380366  0.128747 -0.092581 -0.109127  0.056465  0.019112 -0.058900  0.060390 -0.058910  0.060395 -0.023035  0.034904 -0.403854  0.000000
-0.046646 -0.058489  0.180237  0.061007  0.076677  0.010664 -0.005518 -0.001868  0.060388 -0.005399  0.060393 -0.005398  0.034902 -0.008195  0.000000 -0.080298
---------------------------------------------
STARTING SCF CYCLES.
---------------------------------------------

Iteration: 1
Atomic charges:
-1.053085  0.467597  0.011727  0.011750  0.016325  0.545686 
E_elec, E_1, E_2, E_3: -8.959405, -9.117749, 0.154554, 0.003790
Density
 1.731134  0.203291  0.290798  0.098428 -0.008902  0.181203 -0.018183 -0.006151 -0.014195  0.011942 -0.014206  0.011938 -0.078055 -0.006336  0.098690 -0.011006
 0.203291  1.384365  0.163023  0.055189 -0.210046 -0.483802 -0.000595 -0.000223  0.078714  0.001670  0.078721  0.001670  0.050321 -0.010470  0.157621 -0.008194
 0.290798  0.163023  1.527313 -0.158968  0.004092 -0.009809 -0.010397  0.002454  0.121384  0.018031  0.017435 -0.015152 -0.107282 -0.046992 -0.437748 -0.091754
 0.098428  0.055189 -0.158968  1.943162  0.001397 -0.003324  0.002451 -0.016840 -0.130067 -0.048525  0.177035  0.049500 -0.036316 -0.015904 -0.148171 -0.031057
-0.008902 -0.210046  0.004092  0.001397  0.501320 -0.158530 -0.001526 -0.000505  0.251685  0.009799  0.251682  0.009796  0.247503  0.009853 -0.019138  0.003601
 0.181203 -0.483802 -0.009809 -0.003324 -0.158530  0.324705 -0.002682 -0.000911 -0.162489 -0.003809 -0.162480 -0.003807 -0.161269 -0.002010 -0.053411 -0.001322
-0.018183 -0.000595 -0.010397  0.002451 -0.001526 -0.002682  0.669835  0.002515 -0.424893 -0.027842 -0.109939 -0.006103  0.541076  0.037393  0.048084  0.033952
-0.006151 -0.000223  0.002454 -0.016840 -0.000505 -0.000911  0.002515  0.663293  0.374762  0.026368 -0.555759 -0.037863  0.183153  0.012654  0.016280  0.011491
-0.014195  0.078714  0.121384 -0.130067  0.251685 -0.162489 -0.424893  0.374762  0.648910  0.041836 -0.101777 -0.016037 -0.095756 -0.014114 -0.029374 -0.017292
 0.011942  0.001670  0.018031 -0.048525  0.009799 -0.003809 -0.027842  0.026368  0.041836  0.003793 -0.016030 -0.002267 -0.010133 -0.000869 -0.000103 -0.000881
-0.014206  0.078721  0.017435  0.177035  0.251682 -0.162480 -0.109939 -0.555759 -0.101777 -0.016030  0.648858  0.041835 -0.095758 -0.014109 -0.029379 -0.017289
 0.011938  0.001670 -0.015152  0.049500  0.009796 -0.003807 -0.006103 -0.037863 -0.016037 -0.002267  0.041835  0.003793 -0.010135 -0.000868 -0.000102 -0.000880
-0.078055  0.050321 -0.107282 -0.036316  0.247503 -0.161269  0.541076  0.183153 -0.095756 -0.010133 -0.095758 -0.010135  0.641884  0.041896  0.088404  0.039674
-0.006336 -0.010470 -0.046992 -0.015904  0.009853 -0.002010  0.037393  0.012654 -0.014114 -0.000869 -0.014109 -0.000868  0.041896  0.004176  0.018461  0.005426
 0.098690  0.157621 -0.437748 -0.148171 -0.019138 -0.053411  0.048084  0.016280 -0.029374 -0.000103 -0.029379 -0.000102  0.088404  0.018461  0.199140  0.034496
-0.011006 -0.008194 -0.091754 -0.031057  0.003601 -0.001322  0.033952  0.011491 -0.017292 -0.000881 -0.017289 -0.000880  0.039674  0.005426  0.034496  0.008322

Iteration: 2
Atomic charges:
-0.004277 -0.356199  0.052778  0.052787  0.102289  0.152623 
E_elec, E_1, E_2, E_3: -8.934007, -8.940278, 0.007859, -0.001588
Del E_elec: 0.025398
Density
 1.421301  0.409582  0.485656  0.164389 -0.021477  0.196840  0.008364  0.002825  0.020596 -0.015957  0.020583 -0.015973 -0.087880 -0.069271  0.162802 -0.044911
 0.409582  0.832745  0.228105  0.077230 -0.325361 -0.602771  0.014828  0.004987  0.084242 -0.013601  0.084237 -0.013609  0.035846 -0.041360  0.177131 -0.017102
 0.485656  0.228105  1.228732 -0.244653 -0.029851 -0.030747  0.039191 -0.015729  0.158254  0.040269  0.016625 -0.041917 -0.115820 -0.096274 -0.556620 -0.127939
 0.164389  0.077230 -0.244653  1.868743 -0.010063 -0.010426 -0.015736  0.080283 -0.179634 -0.121663  0.238758  0.121116 -0.039211 -0.032580 -0.188408 -0.043307
-0.021477 -0.325361 -0.029851 -0.010063  0.719143  0.046090  0.011453  0.003908  0.234194  0.012739  0.234203  0.012741  0.235918  0.020231 -0.057764  0.015513
 0.196840 -0.602771 -0.030747 -0.010426  0.046090  0.740462 -0.014854 -0.005019 -0.186119  0.002349 -0.186105  0.002354 -0.176692  0.006985 -0.091616 -0.006552
 0.008364  0.014828  0.039191 -0.015736  0.011453 -0.014854  0.752236  0.009880 -0.417632 -0.025230 -0.111221 -0.007638  0.531081  0.031499  0.029716  0.019894
 0.002825  0.004987 -0.015729  0.080283  0.003908 -0.005019  0.009880  0.726404  0.363152  0.020427 -0.542133 -0.031557  0.179769  0.010661  0.010063  0.006734
 0.020596  0.084242  0.158254 -0.179634  0.234194 -0.186119 -0.417632  0.363152  0.607483  0.046837 -0.103479 -0.027000 -0.093949 -0.017940 -0.046907 -0.012812
-0.015957 -0.013601  0.040269 -0.121663  0.012739  0.002349 -0.025230  0.020427  0.046837  0.010795 -0.026985 -0.009075 -0.009486 -0.000102 -0.008596 -0.000549
 0.020583  0.084237  0.016625  0.238758  0.234203 -0.186105 -0.111221 -0.542133 -0.103479 -0.026985  0.607434  0.046833 -0.093951 -0.017933 -0.046909 -0.012809
-0.015973 -0.013609 -0.041917  0.121116  0.012741  0.002354 -0.007638 -0.031557 -0.027000 -0.009075  0.046833  0.010797 -0.009489 -0.000100 -0.008597 -0.000548
-0.087880  0.035846 -0.115820 -0.039211  0.235918 -0.176692  0.531081  0.179769 -0.093949 -0.009486 -0.093951 -0.009489  0.550405  0.041671  0.112141  0.039715
-0.069271 -0.041360 -0.096274 -0.032580  0.020231  0.006985  0.031499  0.010661 -0.017940 -0.000102 -0.017933 -0.000100  0.041671  0.011696  0.042376  0.012985
 0.162802  0.177131 -0.556620 -0.188408 -0.057764 -0.091616  0.029716  0.010063 -0.046907 -0.008596 -0.046909 -0.008597  0.112141  0.042376  0.509533  0.078776
-0.044911 -0.017102 -0.127939 -0.043307  0.015513 -0.006552  0.019894  0.006734 -0.012812 -0.000549 -0.012809 -0.000548  0.039715  0.012985  0.078776  0.017397
INFO: charges were damped!

Iteration: 3
Atomic charges:
-0.504024  0.201289 -0.007598 -0.007576  0.018110  0.299800 
E_elec, E_1, E_2, E_3: -9.031509, -9.068078, 0.036261, 0.000308
Del E_elec: 0.097502
Density
 1.548364  0.303775  0.417747  0.141399  0.000693  0.210512 -0.005184 -0.001754 -0.001248  0.000055 -0.001260  0.000046 -0.088047 -0.034821  0.148082 -0.028876
 0.303775  1.105097  0.212059  0.071792 -0.287495 -0.573358  0.007556  0.002529  0.082691 -0.003048  0.082692 -0.003052  0.043294 -0.023080  0.179371 -0.013276
 0.417747  0.212059  1.339573 -0.216152 -0.009899 -0.020941  0.017447 -0.005981  0.137342  0.028705  0.015451 -0.025009 -0.108823 -0.068118 -0.526654 -0.117338
 0.141399  0.071792 -0.216152  1.905015 -0.003328 -0.007097 -0.005985  0.033055 -0.154209 -0.078710  0.205889  0.079962 -0.036839 -0.023053 -0.178265 -0.039718
 0.000693 -0.287495 -0.009899 -0.003328  0.555357 -0.055287  0.004797  0.001641  0.243891  0.009045  0.243892  0.009043  0.242468  0.012099 -0.039820  0.006540
 0.210512 -0.573358 -0.020941 -0.007097 -0.055287  0.495920 -0.007967 -0.002694 -0.174546 -0.002072 -0.174536 -0.002069 -0.170009  0.000658 -0.075185 -0.002681
-0.005184  0.007556  0.017447 -0.005985  0.004797 -0.007967  0.668668  0.006061 -0.422424 -0.027991 -0.110585 -0.007051  0.538585  0.036097  0.037653  0.027689
-0.001754  0.002529 -0.005981  0.033055  0.001641 -0.002694  0.006061  0.652844  0.370470  0.025003 -0.550853 -0.036870  0.182310  0.012216  0.012749  0.009372
-0.001248  0.082691  0.137342 -0.154209  0.243891 -0.174546 -0.422424  0.370470  0.668712  0.046188 -0.105535 -0.021352 -0.097537 -0.016564 -0.037942 -0.016859
 0.000055 -0.003048  0.028705 -0.078710  0.009045 -0.002072 -0.027991  0.025003  0.046188  0.006010 -0.021342 -0.004669 -0.011610 -0.001002 -0.002759 -0.000947
-0.001260  0.082692  0.015451  0.205889  0.243892 -0.174536 -0.110585 -0.550853 -0.105535 -0.021342  0.668657  0.046186 -0.097539 -0.016558 -0.037947 -0.016856
 0.000046 -0.003052 -0.025009  0.079962  0.009043 -0.002069 -0.007051 -0.036870 -0.021352 -0.004669  0.046186  0.006011 -0.011612 -0.001001 -0.002759 -0.000946
-0.088047  0.043294 -0.108823 -0.036839  0.242468 -0.170009  0.538585  0.182310 -0.097537 -0.011610 -0.097539 -0.011612  0.637435  0.043993  0.103105  0.041047
-0.034821 -0.023080 -0.068118 -0.023053  0.012099  0.000658  0.036097  0.012216 -0.016564 -0.001002 -0.016558 -0.001001  0.043993  0.006650  0.030340  0.008797
 0.148082  0.179371 -0.526654 -0.178265 -0.039820 -0.075185  0.037653  0.012749 -0.037942 -0.002759 -0.037947 -0.002759  0.103105  0.030340  0.379793  0.061668
-0.028876 -0.013276 -0.117338 -0.039718  0.006540 -0.002681  0.027689  0.009372 -0.016859 -0.000947 -0.016856 -0.000946  0.041047  0.008797  0.061668  0.013818
INFO: charges were damped!

Iteration: 4
Atomic charges:
-0.899205  0.502193 -0.016138 -0.016113 -0.014381  0.443644 
E_elec, E_1, E_2, E_3: -8.991277, -9.112549, 0.116700, 0.004573
Del E_elec: 0.040232
Density
 1.673155  0.212268  0.343977  0.116428 -0.006201  0.190513 -0.014199 -0.004803 -0.012716  0.009977 -0.012726  0.009972 -0.084204 -0.013476  0.122798 -0.017274
 0.212268  1.326829  0.186063  0.062989 -0.229501 -0.503949  0.001608  0.000521  0.079851  0.001399  0.079857  0.001398  0.047780 -0.013024  0.171071 -0.010662
 0.343977  0.186063  1.451004 -0.183449  0.001934 -0.012793 -0.002017  0.000596  0.123669  0.019660  0.015922 -0.017727 -0.103429 -0.050919 -0.479671 -0.104031
 0.116428  0.062989 -0.183449  1.930895  0.000669 -0.004335  0.000593 -0.003603 -0.135547 -0.054894  0.182773  0.055549 -0.035012 -0.017233 -0.162362 -0.035213
-0.006201 -0.229501  0.001934  0.000669  0.483114 -0.129421 -0.002489 -0.000831  0.249040  0.009019  0.249039  0.009015  0.245608  0.009043 -0.023028 -0.000023
 0.190513 -0.503949 -0.012793 -0.004335 -0.129421  0.347526 -0.002540 -0.000862 -0.165288 -0.003476 -0.165279 -0.003474 -0.163636 -0.001297 -0.060672  0.000509
-0.014199  0.001608 -0.002017  0.000593 -0.002489 -0.002540  0.642627  0.001908 -0.423911 -0.028371 -0.109656 -0.006407  0.540706  0.037942  0.044431  0.035068
-0.004803  0.000521  0.000596 -0.003603 -0.000831 -0.000862  0.001908  0.637673  0.373945  0.026559 -0.554514 -0.038336  0.183029  0.012840  0.015043  0.011869
-0.012716  0.079851  0.123669 -0.135547  0.249040 -0.165288 -0.423911  0.373945  0.677045  0.044389 -0.104466 -0.017951 -0.097521 -0.015839 -0.030388 -0.021493
 0.009977  0.001399  0.019660 -0.054894  0.009019 -0.003476 -0.028371  0.026559  0.044389  0.004300 -0.017943 -0.002771 -0.011287 -0.001004  0.000240 -0.001040
-0.012726  0.079857  0.015922  0.182773  0.249039 -0.165279 -0.109656 -0.554514 -0.104466 -0.017943  0.676990  0.044388 -0.097523 -0.015833 -0.030393 -0.021490
 0.009972  0.001398 -0.017727  0.055549  0.009015 -0.003474 -0.006407 -0.038336 -0.017951 -0.002771  0.044388  0.004300 -0.011289 -0.001004  0.000240 -0.001040
-0.084204  0.047780 -0.103429 -0.035012  0.245608 -0.163636  0.540706  0.183029 -0.097521 -0.011287 -0.097523 -0.011289  0.671947  0.044228  0.095380  0.041769
-0.013476 -0.013024 -0.050919 -0.017233  0.009043 -0.001297  0.037942  0.012840 -0.015839 -0.001004 -0.015833 -0.001004  0.044228  0.004747  0.022085  0.006557
 0.122798  0.171071 -0.479671 -0.162362 -0.023028 -0.060672  0.044431  0.015043 -0.030388  0.000240 -0.030393  0.000240  0.095380  0.022085  0.266798  0.045319
-0.017274 -0.010662 -0.104031 -0.035213 -0.000023  0.000509  0.035068  0.011869 -0.021493 -0.001040 -0.021490 -0.001040  0.041769  0.006557  0.045319  0.010906
INFO: charges were damped!

Iteration: 5
Atomic charges:
-0.440465 -0.041025  0.048352  0.048359  0.075121  0.309658 
E_elec, E_1, E_2, E_3: -9.024610, -9.053275, 0.028653, 0.000012
Del E_elec: 0.033333
Density
 1.534098  0.337341  0.415254  0.140555  0.000989  0.210368 -0.005980 -0.002024  0.002677 -0.001140  0.002666 -0.001151 -0.084861 -0.036801  0.148172 -0.027281
 0.337341  1.047020  0.207998  0.070418 -0.295352 -0.587752  0.007243  0.002424  0.081991 -0.004393  0.081990 -0.004398  0.042536 -0.024617  0.175642 -0.011889
 0.415254  0.207998  1.343523 -0.214252 -0.011563 -0.022859  0.017269 -0.006016  0.141026  0.030355  0.016169 -0.025445 -0.113638 -0.071161 -0.524936 -0.116118
 0.140555  0.070418 -0.214252  1.903999 -0.003891 -0.007747 -0.006020  0.032969 -0.157846 -0.081584  0.211013  0.083248 -0.038469 -0.024083 -0.177683 -0.039305
 0.000989 -0.295352 -0.011563 -0.003891  0.628324 -0.053918  0.005025  0.001726  0.242891  0.010802  0.242892  0.010800  0.240882  0.014025 -0.042709  0.010135
 0.210368 -0.587752 -0.022859 -0.007747 -0.053918  0.555088 -0.008386 -0.002837 -0.175471 -0.001846 -0.175460 -0.001842 -0.170013  0.001248 -0.077178 -0.004430
-0.005980  0.007243  0.017269 -0.006020  0.005025 -0.008386  0.724155  0.006474 -0.421481 -0.026474 -0.110446 -0.006518  0.536239  0.034436  0.039609  0.026118
-0.002024  0.002424 -0.006016  0.032969  0.001726 -0.002837  0.006474  0.707237  0.369462  0.023894 -0.549479 -0.035067  0.181515  0.011654  0.013411  0.008839
 0.002677  0.081991  0.141026 -0.157846  0.242891 -0.175471 -0.421481  0.369462  0.613902  0.042707 -0.102074 -0.019749 -0.094192 -0.014909 -0.039380 -0.013842
-0.001140 -0.004393  0.030355 -0.081584  0.010802 -0.001846 -0.026474  0.023894  0.042707  0.005965 -0.019738 -0.004724 -0.009526 -0.000807 -0.003542 -0.000812
 0.002666  0.081990  0.016169  0.211013  0.242892 -0.175460 -0.110446 -0.549479 -0.102074 -0.019738  0.613863  0.042705 -0.094194 -0.014904 -0.039384 -0.013839
-0.001151 -0.004398 -0.025445  0.083248  0.010800 -0.001842 -0.006518 -0.035067 -0.019749 -0.004724  0.042705  0.005966 -0.009529 -0.000806 -0.003542 -0.000811
-0.084861  0.042536 -0.113638 -0.038469  0.240882 -0.170013  0.536239  0.181515 -0.094192 -0.009526 -0.094194 -0.009529  0.581952  0.040544  0.102418  0.039335
-0.036801 -0.024617 -0.071161 -0.024083  0.014025  0.001248  0.034436  0.011654 -0.014909 -0.000807 -0.014904 -0.000806  0.040544  0.006718  0.030823  0.008754
 0.148172  0.175642 -0.524936 -0.177683 -0.042709 -0.077178  0.039609  0.013411 -0.039380 -0.003542 -0.039384 -0.003542  0.102418  0.030823  0.373402  0.060791
-0.027281 -0.011889 -0.116118 -0.039305  0.010135 -0.004430  0.026118  0.008839 -0.013842 -0.000812 -0.013839 -0.000811  0.039335  0.008754  0.060791  0.013406
INFO: charges were damped!

Iteration: 6
Atomic charges:
-0.394989 -0.002052  0.027201  0.027215  0.058870  0.283756 
E_elec, E_1, E_2, E_3: -9.022934, -9.045723, 0.022778, 0.000010
Del E_elec: 0.001676
Density
 1.520200  0.339933  0.426998  0.144530 -0.000632  0.210531 -0.003667 -0.001242  0.003804 -0.002917  0.003793 -0.002928 -0.086454 -0.040599  0.151096 -0.029970
 0.339933  1.030625  0.212654  0.071995 -0.299985 -0.589407  0.008563  0.002870  0.082695 -0.005158  0.082695 -0.005163  0.041899 -0.026385  0.177388 -0.012852
 0.426998  0.212654  1.324941 -0.219581 -0.013593 -0.023490  0.021113 -0.007476  0.142497  0.031549  0.015975 -0.027181 -0.112878 -0.073766 -0.531327 -0.118300
 0.144530  0.071995 -0.219581  1.899356 -0.004576 -0.007962 -0.007481  0.040630 -0.160090 -0.086004  0.213686  0.087485 -0.038212 -0.024964 -0.179847 -0.040043
-0.000632 -0.299985 -0.013593 -0.004576  0.614300 -0.038274  0.006618  0.002262  0.242292  0.010226  0.242294  0.010225  0.240954  0.014116 -0.044383  0.010017
 0.210531 -0.589407 -0.023490 -0.007962 -0.038274  0.562575 -0.009509 -0.003215 -0.177042 -0.001455 -0.177030 -0.001452 -0.171291  0.001655 -0.078792 -0.004370
-0.003667  0.008563  0.021113 -0.007481  0.006618 -0.009509  0.707344  0.007214 -0.421623 -0.026978 -0.110745 -0.006897  0.536674  0.034667  0.037289  0.025357
-0.001242  0.002870 -0.007476  0.040630  0.002262 -0.003215  0.007214  0.688496  0.369156  0.023930 -0.549322 -0.035402  0.181663  0.011732  0.012625  0.008582
 0.003804  0.082695  0.142497 -0.160090  0.242292 -0.177042 -0.421623  0.369156  0.634267  0.044610 -0.103678 -0.021288 -0.095508 -0.015820 -0.040183 -0.014235
-0.002917 -0.005158  0.031549 -0.086004  0.010226 -0.001455 -0.026978  0.023930  0.044610  0.006516 -0.021277 -0.005223 -0.010394 -0.000845 -0.004085 -0.000854
 0.003793  0.082695  0.015975  0.213686  0.242294 -0.177030 -0.110745 -0.549322 -0.103678 -0.021277  0.634219  0.044608 -0.095511 -0.015814 -0.040187 -0.014232
-0.002928 -0.005163 -0.027181  0.087485  0.010225 -0.001452 -0.006897 -0.035402 -0.021288 -0.005223  0.044608  0.006517 -0.010396 -0.000844 -0.004085 -0.000853
-0.086454  0.041899 -0.112878 -0.038212  0.240954 -0.171291  0.536674  0.181663 -0.095508 -0.010394 -0.095511 -0.010396  0.596960  0.041943  0.104065  0.039909
-0.040599 -0.026385 -0.073766 -0.024964  0.014116  0.001655  0.034667  0.011732 -0.015820 -0.000845 -0.015814 -0.000844  0.041943  0.007256  0.032280  0.009282
 0.151096  0.177388 -0.531327 -0.179847 -0.044383 -0.078792  0.037289  0.012625 -0.040183 -0.004085 -0.040187 -0.004085  0.104065  0.032280  0.394438  0.063684
-0.029970 -0.012852 -0.118300 -0.040043  0.010017 -0.004370  0.025357  0.008582 -0.014235 -0.000854 -0.014232 -0.000853  0.039909  0.009282  0.063684  0.014050
INFO: charges were damped!

Iteration: 7
Atomic charges:
-0.711278  0.394189 -0.023104 -0.023075 -0.008274  0.371541 
E_elec, E_1, E_2, E_3: -9.021790, -9.097251, 0.073249, 0.002213
Del E_elec: 0.001144
Density
 1.610805  0.255438  0.381753  0.129215 -0.000556  0.203310 -0.009785 -0.003310 -0.007864  0.005118 -0.007875  0.005111 -0.086592 -0.023554  0.136921 -0.022518
 0.255438  1.221828  0.200138  0.067755 -0.260201 -0.541171  0.004631  0.001541  0.081526 -0.000327  0.081530 -0.000329  0.045885 -0.017409  0.176572 -0.011856
 0.381753  0.200138  1.394368 -0.200295 -0.003522 -0.016517  0.008214 -0.002616  0.130146  0.024097  0.015689 -0.020840 -0.105985 -0.059011 -0.505463 -0.111123
 0.129215  0.067755 -0.200295  1.918329 -0.001174 -0.005598 -0.002619  0.015024 -0.144403 -0.065821  0.193736  0.066924 -0.035878 -0.019971 -0.171092 -0.037614
-0.000556 -0.260201 -0.003522 -0.001174  0.505550 -0.092650  0.001595  0.000552  0.246459  0.008559  0.246459  0.008557  0.244002  0.010105 -0.031407  0.003233
 0.203310 -0.541171 -0.016517 -0.005598 -0.092650  0.411076 -0.005327 -0.001801 -0.169754 -0.002865 -0.169744 -0.002863 -0.166809 -0.000573 -0.067651 -0.001084
-0.009785  0.004631  0.008214 -0.002619  0.001595 -0.005327  0.645339  0.004184 -0.423224 -0.028495 -0.110144 -0.006814  0.539782  0.037311  0.040681  0.031067
-0.003310  0.001541 -0.002616  0.015024  0.000552 -0.001801  0.004184  0.634431  0.372242  0.026051 -0.552745 -0.038009  0.182716  0.012627  0.013774  0.010515
-0.007864  0.081526  0.130146 -0.144403  0.246459 -0.169754 -0.423224  0.372242  0.684286  0.045903 -0.105640 -0.019894 -0.098226 -0.016463 -0.034116 -0.019114
 0.005118 -0.000327  0.024097 -0.065821  0.008559 -0.002865 -0.028495  0.026051  0.045903  0.005049 -0.019885 -0.003630 -0.011963 -0.001078 -0.001051 -0.001009
-0.007875  0.081530  0.015689  0.193736  0.246459 -0.169744 -0.110144 -0.552745 -0.105640 -0.019885  0.684226  0.045902 -0.098228 -0.016458 -0.034121 -0.019111
 0.005111 -0.000329 -0.020840  0.066924  0.008557 -0.002863 -0.006814 -0.038009 -0.019894 -0.003630  0.045902  0.005049 -0.011965 -0.001077 -0.001051 -0.001009
-0.086592  0.045885 -0.105985 -0.035878  0.244002 -0.166809  0.539782  0.182716 -0.098226 -0.011963 -0.098228 -0.011965  0.664985  0.044720  0.099229  0.041526
-0.023554 -0.017409 -0.059011 -0.019971  0.010105 -0.000573  0.037311  0.012627 -0.016463 -0.001078 -0.016458 -0.001077  0.044720  0.005572  0.026026  0.007570
 0.136921  0.176572 -0.505463 -0.171092 -0.031407 -0.067651  0.040681  0.013774 -0.034116 -0.001051 -0.034121 -0.001051  0.099229  0.026026  0.321627  0.053418
-0.022518 -0.011856 -0.111123 -0.037614  0.003233 -0.001084  0.031067  0.010515 -0.019114 -0.001009 -0.019111 -0.001009  0.041526  0.007570  0.053418  0.012287
INFO: charges were damped!

Iteration: 8
Atomic charges:
-0.604095  0.200039  0.011902  0.011917  0.030662  0.349576 
E_elec, E_1, E_2, E_3: -9.032323, -9.083880, 0.051238, 0.000319
Del E_elec: 0.010533
Density
 1.579372  0.291015  0.394175  0.133420  0.001805  0.208427 -0.008656 -0.002929 -0.003712  0.002808 -0.003723  0.002800 -0.085620 -0.028427  0.141356 -0.024065
 0.291015  1.149258  0.202991  0.068722 -0.276252 -0.563959  0.005504  0.001836  0.081815 -0.001817  0.081817 -0.001820  0.044790 -0.020076  0.176107 -0.011675
 0.394175  0.202991  1.375667 -0.205460 -0.006493 -0.019110  0.011449 -0.003752  0.134460  0.026574  0.015910 -0.022362 -0.109532 -0.063670 -0.512996 -0.112936
 0.133420  0.068722 -0.205460  1.913140 -0.002178 -0.006476 -0.003756  0.021231 -0.149683 -0.071565  0.200547  0.072993 -0.037079 -0.021548 -0.173641 -0.038228
 0.001805 -0.276252 -0.006493 -0.002178  0.559705 -0.080216  0.002597  0.000898  0.245704  0.009610  0.245704  0.009607  0.243331  0.011706 -0.036128  0.006333
 0.208427 -0.563959 -0.019110 -0.006476 -0.080216  0.469194 -0.006320 -0.002139 -0.172028 -0.002632 -0.172018 -0.002629 -0.168123 -0.000019 -0.071447 -0.002608
-0.008656  0.005504  0.011449 -0.003756  0.002597 -0.006320  0.681873  0.004966 -0.422943 -0.027605 -0.110349 -0.006629  0.538926  0.036150  0.040720  0.028950
-0.002929  0.001836 -0.003752  0.021231  0.000898 -0.002139  0.004966  0.668908  0.371536  0.025192 -0.552013 -0.036785  0.182425  0.012234  0.013787  0.009798
-0.003712  0.081815  0.134460 -0.149683  0.245704 -0.172028 -0.422943  0.371536  0.649479  0.044119 -0.103841 -0.019420 -0.096354 -0.015535 -0.036375 -0.016424
 0.002808 -0.001817  0.026574 -0.071565  0.009610 -0.002632 -0.027605  0.025192  0.044119  0.005286 -0.019410 -0.003969 -0.010685 -0.000960 -0.001975 -0.000902
-0.003723  0.081817  0.015910  0.200547  0.245704 -0.172018 -0.110349 -0.552013 -0.103841 -0.019410  0.649432  0.044118 -0.096357 -0.015529 -0.036380 -0.016421
 0.002800 -0.001820 -0.022362  0.072993  0.009607 -0.002629 -0.006629 -0.036785 -0.019420 -0.003969  0.044118  0.005287 -0.010688 -0.000959 -0.001975 -0.000902
-0.085620  0.044790 -0.109532 -0.037079  0.243331 -0.168123  0.538926  0.182425 -0.096354 -0.010685 -0.096357 -0.010688  0.625908  0.042649  0.100194  0.040412
-0.028427 -0.020076 -0.063670 -0.021548  0.011706 -0.000019  0.036150  0.012234 -0.015535 -0.000960 -0.015529 -0.000959  0.042649  0.005910  0.027790  0.007942
 0.141356  0.176107 -0.512996 -0.173641 -0.036128 -0.071447  0.040720  0.013787 -0.036375 -0.001975 -0.036380 -0.001975  0.100194  0.027790  0.340084  0.056077
-0.024065 -0.011675 -0.112936 -0.038228  0.006333 -0.002608  0.028950  0.009798 -0.016424 -0.000902 -0.016421 -0.000902  0.040412  0.007942  0.056077  0.012606
INFO: charges were damped!

Iteration: 9
Atomic charges:
-0.435793 -0.034747  0.045743  0.045750  0.072821  0.306225 
E_elec, E_1, E_2, E_3: -9.024644, -9.052631, 0.027975, 0.000013
Del E_elec: 0.007679
Density
 1.532572  0.337176  0.416799  0.141078  0.000828  0.210412 -0.005728 -0.001939  0.002752 -0.001286  0.002741 -0.001296 -0.085099 -0.037180  0.148565 -0.027643
 0.337176  1.045846  0.208662  0.070643 -0.295766 -0.587807  0.007381  0.002471  0.082070 -0.004448  0.082070 -0.004452  0.042461 -0.024786  0.175928 -0.012030
 0.416799  0.208662  1.341135 -0.214973 -0.011742 -0.022925  0.017657 -0.006159  0.141117  0.030442  0.016118 -0.025622 -0.113457 -0.071378 -0.525804 -0.116421
 0.141078  0.070643 -0.214973  1.903493 -0.003951 -0.007769 -0.006164  0.033732 -0.158049 -0.081990  0.211230  0.083624 -0.038408 -0.024156 -0.177977 -0.039407
 0.000828 -0.295766 -0.011742 -0.003951  0.626165 -0.052342  0.005120  0.001758  0.242856  0.010733  0.242857  0.010731  0.240921  0.014006 -0.042855  0.010040
 0.210412 -0.587807 -0.022925 -0.007769 -0.052342  0.555267 -0.008464 -0.002864 -0.175629 -0.001813 -0.175617 -0.001809 -0.170151  0.001285 -0.077357 -0.004386
-0.005728  0.007381  0.017657 -0.006164  0.005120 -0.008464  0.721861  0.006513 -0.421516 -0.026539 -0.110476 -0.006559  0.536335  0.034484  0.039360  0.026088
-0.001939  0.002471 -0.006159  0.033732  0.001758 -0.002864  0.006513  0.704840  0.369459  0.023913 -0.549499 -0.035121  0.181547  0.011670  0.013327  0.008830
 0.002752  0.082070  0.141117 -0.158049  0.242856 -0.175629 -0.421516  0.369459  0.616409  0.042928 -0.102274 -0.019911 -0.094356 -0.015020 -0.039447 -0.013950
-0.001286 -0.004448  0.030442 -0.081990  0.010733 -0.001813 -0.026539  0.023913  0.042928  0.006018 -0.019901 -0.004772 -0.009625 -0.000813 -0.003575 -0.000817
 0.002741  0.082070  0.016118  0.211230  0.242857 -0.175617 -0.110476 -0.549499 -0.102274 -0.019901  0.616369  0.042926 -0.094359 -0.015014 -0.039451 -0.013947
-0.001296 -0.004452 -0.025622  0.083624  0.010731 -0.001809 -0.006559 -0.035121 -0.019911 -0.004772  0.042926  0.006019 -0.009628 -0.000812 -0.003575 -0.000817
-0.085099  0.042461 -0.113457 -0.038408  0.240921 -0.170151  0.536335  0.181547 -0.094356 -0.009625 -0.094359 -0.009628  0.584089  0.040722  0.102634  0.039425
-0.037180 -0.024786 -0.071378 -0.024156  0.014006  0.001285  0.034484  0.011670 -0.015020 -0.000813 -0.015014 -0.000812  0.040722  0.006770  0.030981  0.008813
 0.148565  0.175928 -0.525804 -0.177977 -0.042855 -0.077357  0.039360  0.013327 -0.039447 -0.003575 -0.039451 -0.003575  0.102634  0.030981  0.376137  0.061173
-0.027643 -0.012030 -0.116421 -0.039407  0.010040 -0.004386  0.026088  0.008830 -0.013950 -0.000817 -0.013947 -0.000817  0.039425  0.008813  0.061173  0.013494
INFO: charges were damped!

Iteration: 10
Atomic charges:
-0.595548  0.251156 -0.005330 -0.005307  0.015861  0.339169 
E_elec, E_1, E_2, E_3: -9.031871, -9.082755, 0.050292, 0.000592
Del E_elec: 0.007227
Density
 1.576000  0.287910  0.398840  0.134999  0.001275  0.208478 -0.007681 -0.002598 -0.003857  0.002245 -0.003868  0.002237 -0.086626 -0.029547  0.142672 -0.025080
 0.287910  1.150324  0.205226  0.069478 -0.277125 -0.562807  0.006071  0.002027  0.082137 -0.001889  0.082139 -0.001892  0.044634 -0.020469  0.177311 -0.012136
 0.398840  0.205226  1.368371 -0.207649 -0.007034 -0.019076  0.013079 -0.004322  0.134600  0.026873  0.015777 -0.022855 -0.108730 -0.064264 -0.515868 -0.113904
 0.134999  0.069478 -0.207649  1.911571 -0.002360 -0.006465 -0.004325  0.024349 -0.150084 -0.072767  0.200950  0.074128 -0.036807 -0.021749 -0.174614 -0.038555
 0.001275 -0.277125 -0.007034 -0.002360  0.543582 -0.073747  0.003457  0.001186  0.245302  0.009062  0.245302  0.009060  0.243244  0.011437 -0.036434  0.005918
 0.208478 -0.562807 -0.019076 -0.006465 -0.073747  0.464290 -0.006815 -0.002305 -0.172465 -0.002493 -0.172455 -0.002490 -0.168561  0.000045 -0.071779 -0.002403
-0.007681  0.006071  0.013079 -0.004325  0.003457 -0.006815  0.667072  0.005331 -0.422912 -0.028020 -0.110438 -0.006852  0.539079  0.036439  0.039478  0.028745
-0.002598  0.002027 -0.004322  0.024349  0.001186 -0.002305  0.005331  0.653160  0.371349  0.025368 -0.551847 -0.037177  0.182478  0.012332  0.013367  0.009729
-0.003857  0.082137  0.134600 -0.150084  0.245302 -0.172465 -0.422912  0.371349  0.666519  0.045406 -0.104981 -0.020292 -0.097360 -0.016150 -0.036479 -0.016944
 0.002245 -0.001889  0.026873 -0.072767  0.009062 -0.002493 -0.028020  0.025368  0.045406  0.005485 -0.020282 -0.004139 -0.011417 -0.001018 -0.002087 -0.000945
-0.003868  0.082139  0.015777  0.200950  0.245302 -0.172455 -0.110438 -0.551847 -0.104981 -0.020282  0.666464  0.045404 -0.097363 -0.016145 -0.036483 -0.016941
 0.002237 -0.001892 -0.022855  0.074128  0.009060 -0.002490 -0.006852 -0.037177 -0.020292 -0.004139  0.045404  0.005485 -0.011419 -0.001017 -0.002087 -0.000945
-0.086626  0.044634 -0.108730 -0.036807  0.243244 -0.168561  0.539079  0.182478 -0.097360 -0.011417 -0.097363 -0.011419  0.640335  0.043712  0.100892  0.040853
-0.029547 -0.020469 -0.064264 -0.021749  0.011437  0.000045  0.036439  0.012332 -0.016150 -0.001018 -0.016145 -0.001017  0.043712  0.006087  0.028248  0.008128
 0.142672  0.177311 -0.515868 -0.174614 -0.036434 -0.071779  0.039478  0.013367 -0.036479 -0.002087 -0.036483 -0.002087  0.100892  0.028248  0.348018  0.057196
-0.025080 -0.012136 -0.113904 -0.038555  0.005918 -0.002403  0.028745  0.009729 -0.016944 -0.000945 -0.016941 -0.000945  0.040853  0.008128  0.057196  0.012878
INFO: charges were damped!

Iteration: 11
Atomic charges:
-0.632926  0.285463 -0.007494 -0.007471  0.011245  0.351183 
E_elec, E_1, E_2, E_3: -9.030232, -9.088053, 0.056961, 0.000860
Del E_elec: 0.001639
Density
 1.587188  0.278695  0.392709  0.132923  0.001047  0.207205 -0.008532 -0.002886 -0.005091  0.003242 -0.005102  0.003234 -0.086428 -0.027464  0.140702 -0.024071
 0.278695  1.171982  0.203278  0.068818 -0.272042 -0.556869  0.005517  0.001840  0.081919 -0.001369  0.081922 -0.001372  0.045086 -0.019424  0.176901 -0.011949
 0.392709  0.203278  1.377751 -0.204984 -0.005828 -0.018291  0.011288 -0.003677  0.133198  0.025967  0.015776 -0.022106 -0.108076 -0.062522 -0.512203 -0.112873
 0.132923  0.068818 -0.204984  1.913977 -0.001953 -0.006199 -0.003681  0.020873 -0.148253 -0.070351  0.198646  0.071658 -0.036586 -0.021160 -0.173373 -0.038206
 0.001047 -0.272042 -0.005828 -0.001953  0.534791 -0.080975  0.002701  0.000930  0.245812  0.009005  0.245812  0.009003  0.243565  0.011063 -0.034864  0.005204
 0.207205 -0.556869 -0.018291 -0.006199 -0.080975  0.448533 -0.006247 -0.002113 -0.171556 -0.002652 -0.171546 -0.002649 -0.167954 -0.000180 -0.070442 -0.002055
-0.008532  0.005517  0.011288 -0.003681  0.002701 -0.006247  0.663129  0.004903 -0.423069 -0.028096 -0.110345 -0.006798  0.539344  0.036667  0.040094  0.029463
-0.002886  0.001840 -0.003677  0.020873  0.000930 -0.002113  0.004903  0.650336  0.371707  0.025556 -0.552226 -0.037373  0.182568  0.012409  0.013575  0.009972
-0.005091  0.081919  0.133198 -0.148253  0.245812 -0.171556 -0.423069  0.371707  0.668683  0.045305 -0.104973 -0.019984 -0.097455 -0.016118 -0.035757 -0.017448
 0.003242 -0.001369  0.025967 -0.070351  0.009005 -0.002652 -0.028096  0.025556  0.045305  0.005302 -0.019975 -0.003942 -0.011440 -0.001027 -0.001738 -0.000955
-0.005102  0.081922  0.015776  0.198646  0.245812 -0.171546 -0.110345 -0.552226 -0.104973 -0.019975  0.668629  0.045304 -0.097458 -0.016113 -0.035762 -0.017445
 0.003234 -0.001372 -0.022106  0.071658  0.009003 -0.002649 -0.006798 -0.037373 -0.019984 -0.003942  0.045304  0.005302 -0.011443 -0.001026 -0.001738 -0.000954
-0.086428  0.045086 -0.108076 -0.036586  0.243565 -0.167954  0.539344  0.182568 -0.097455 -0.011440 -0.097458 -0.011443  0.645136  0.043819  0.100228  0.040962
-0.027464 -0.019424 -0.062522 -0.021160  0.011063 -0.000180  0.036667  0.012409 -0.016118 -0.001027 -0.016113 -0.001026  0.043819  0.005884  0.027468  0.007912
 0.140702  0.176901 -0.512203 -0.173373 -0.034864 -0.070442  0.040094  0.013575 -0.035757 -0.001738 -0.035762 -0.001738  0.100228  0.027468  0.338288  0.055813
-0.024071 -0.011949 -0.112873 -0.038206  0.005204 -0.002055  0.029463  0.009972 -0.017448 -0.000955 -0.017445 -0.000954  0.040962  0.007912  0.055813  0.012633
INFO: charges were damped!

Iteration: 12
Atomic charges:
-0.502600  0.048897  0.035235  0.035244  0.058706  0.324517 
E_elec, E_1, E_2, E_3: -9.030335, -9.066211, 0.035851, 0.000026
Del E_elec: 0.000103
Density
 1.550809  0.320124  0.407473  0.137921  0.001844  0.210374 -0.007072 -0.002393  0.000170  0.000441  0.000159  0.000432 -0.085174 -0.033497  0.145732 -0.026063
 0.320124  1.085503  0.206282  0.069837 -0.288714 -0.579882  0.006555  0.002192  0.081957 -0.003350  0.081958 -0.003353  0.043438 -0.022822  0.175947 -0.011803
 0.407473  0.206282  1.355484 -0.211043 -0.009550 -0.021456  0.014991 -0.005102  0.138458  0.028889  0.016044 -0.024179 -0.112092 -0.068212 -0.520668 -0.114973
 0.137921  0.069837 -0.211043  1.907563 -0.003211 -0.007271 -0.005105  0.028300 -0.154692 -0.077583  0.206951  0.079179 -0.037945 -0.023085 -0.176239 -0.038917
 0.001844 -0.288714 -0.009550 -0.003211  0.602394 -0.064574  0.003994  0.001375  0.244115  0.010353  0.244115  0.010350  0.241962  0.013111 -0.040257  0.008694
 0.210374 -0.579882 -0.021456 -0.007271 -0.064574  0.521888 -0.007531 -0.002548 -0.174162 -0.002200 -0.174151 -0.002197 -0.169322  0.000706 -0.075032 -0.003746
-0.007072  0.006555  0.014991 -0.005105  0.003994 -0.007531  0.708459  0.005857 -0.422142 -0.026908 -0.110426 -0.006551  0.537438  0.035112  0.040114  0.027197
-0.002393  0.002192 -0.005102  0.028300  0.001375 -0.002548  0.005857  0.693158  0.370361  0.024409 -0.550595 -0.035740  0.181921  0.011883  0.013582  0.009205
