---------------------------------------------
GFN1-xTB CALCULATION.
---------------------------------------------

Overlap (S)
 1.000000 -0.000000 -0.000000  0.000000  0.235360  0.026241 -0.291659 -0.102672  0.026326  0.025797 -0.039063  0.001966  0.029416 -0.024336 -0.045664 -0.002351  0.006701  0.011911 -0.006099 -0.001085  0.084889 -0.112026  0.005519 -0.019545  0.022827 -0.057961  0.005805 -0.020391  0.025087 -0.061667  0.026268 -0.063519  0.021801 -0.056205  0.006833 -0.023348  0.001215 -0.005104  0.480170  0.015953  0.479809  0.015784
-0.000000  1.000000  0.000000  0.000000 -0.021395  0.121928  0.032890  0.011578 -0.017930 -0.010106  0.029898 -0.001505  0.017048 -0.004976 -0.029816 -0.001535 -0.007519 -0.012562  0.007524  0.001339 -0.008565  0.003960 -0.002612  0.008559 -0.011314  0.021816  0.002136 -0.006917  0.012645 -0.023042  0.021060 -0.037279 -0.023070  0.045663 -0.006483  0.020155 -0.001281  0.005307 -0.304005 -0.171495  0.327943  0.185065
-0.000000  0.000000  1.000000  0.000000  0.237805  0.032890 -0.240679 -0.128689  0.027151  0.029898 -0.035635  0.002279  0.031989 -0.029816 -0.045035 -0.002881  0.003850  0.007524 -0.001721 -0.000686  0.055540 -0.025683  0.005733 -0.018785  0.018879 -0.036403  0.006209 -0.020103  0.021487 -0.039154  0.017405 -0.030809  0.003235 -0.006404  0.002905 -0.009032  0.000716 -0.002965 -0.218188 -0.123084 -0.165724 -0.093522
 0.000000  0.000000  0.000000  1.000000  0.083713  0.011578 -0.128689  0.079585 -0.001367 -0.001505  0.002279  0.009523  0.001647 -0.001535 -0.002881  0.010766  0.000685  0.001339 -0.000686  0.002009  0.064725 -0.029930  0.000504 -0.001650 -0.010579  0.020399  0.000939 -0.003041 -0.009600  0.017493  0.005717 -0.010120 -0.001925  0.003810  0.003097 -0.009626 -0.000040  0.000165  0.133307  0.075201  0.150417  0.084884
 0.235360 -0.021395  0.237805  0.083713  1.000000 -0.000000  0.000000 -0.000000  0.218740  0.231674 -0.129040  0.109805  0.222262 -0.240849 -0.146309  0.071053  0.024629  0.043025  0.000098  0.004056  0.450009 -0.012703  0.081485 -0.111470  0.079031 -0.110343  0.079679 -0.110648  0.077909 -0.109805  0.078818 -0.110242  0.019560 -0.051261  0.024301 -0.059463  0.005247 -0.018272  0.099736 -0.117932  0.100141 -0.118041
 0.026241  0.121928  0.032890  0.011578 -0.000000  1.000000 -0.000000  0.000000 -0.231674 -0.148827  0.158267 -0.134676  0.240849 -0.164758 -0.183828  0.089274 -0.043025 -0.066919 -0.000180 -0.007475 -0.033790 -0.017438 -0.064582  0.030205 -0.055993  0.027706  0.059469 -0.028994  0.067154 -0.034084  0.104108 -0.051763 -0.027024  0.049108 -0.034562  0.055808 -0.008710  0.024987 -0.041577  0.012221  0.061494 -0.017867
-0.291659  0.032890 -0.240679 -0.128689  0.000000 -0.000000  1.000000 -0.000000  0.129040  0.158267  0.047168  0.075013  0.146309 -0.183828  0.026184  0.054231 -0.000098 -0.000180  0.012366 -0.000017 -0.008547 -0.004411  0.086371 -0.040396  0.036802 -0.018210  0.088007 -0.042908  0.038544 -0.019563  0.014677 -0.007298 -0.010196  0.018529 -0.001701  0.002747  0.001518 -0.004355 -0.122608  0.036038 -0.114646  0.033310
-0.102672  0.011578 -0.128689  0.079585 -0.000000  0.000000 -0.000000  1.000000 -0.109805 -0.134676  0.075013  0.071490 -0.071053  0.089274  0.054231  0.111518 -0.004056 -0.007475 -0.000017  0.011662  0.434574  0.224277 -0.010646  0.004979 -0.081416  0.040285 -0.000186  0.000091 -0.069580  0.035316  0.003256 -0.001619 -0.007348  0.013353  0.010971 -0.017716 -0.001522  0.004368 -0.009006  0.002647 -0.006228  0.001809
 0.026326 -0.017930  0.027151 -0.001367  0.218740 -0.231674  0.129040 -0.109805  1.000000  0.000000 -0.000000 -0.000000  0.027354 -0.047330 -0.001478 -0.004048  0.224141  0.251436  0.133802 -0.066747  0.081217 -0.111351  0.449704 -0.012845  0.449574 -0.012906  0.025787 -0.061836  0.024070 -0.059086  0.005476 -0.018943  0.078452 -0.110068  0.079647 -0.110633  0.081624 -0.111532  0.027434 -0.064368  0.007115 -0.023566
 0.025797 -0.010106  0.029898 -0.001505  0.231674 -0.148827  0.158267 -0.134676  0.000000  1.000000 -0.000000  0.000000  0.047330 -0.072812 -0.002706 -0.007408 -0.251436 -0.188045 -0.174149  0.086875  0.057783 -0.027193 -0.018310 -0.009450  0.033826  0.017458  0.034129 -0.053188  0.034155 -0.055460  0.009103 -0.025853 -0.066432  0.033305 -0.069064  0.033697 -0.108420  0.050546  0.008689 -0.013028  0.007776 -0.020651
-0.039063  0.029898 -0.035635  0.002279 -0.129040  0.158267  0.047168  0.075013 -0.000000 -0.000000  1.000000 -0.000000  0.001478 -0.002706  0.013730 -0.000231 -0.133802 -0.174149  0.046536  0.046231 -0.035627  0.016766  0.409008  0.211087  0.027156  0.014015  0.015396 -0.023994  0.001515 -0.002460 -0.001038  0.002948 -0.080767  0.040492 -0.040172  0.019600 -0.004979  0.002321 -0.039025  0.058512 -0.008781  0.023320
 0.001966 -0.001505  0.002279  0.009523  0.109805 -0.134676  0.075013  0.071490 -0.000000  0.000000 -0.000000  1.000000  0.004048 -0.007408 -0.000231  0.013181  0.066747  0.086875  0.046231  0.116148  0.084065 -0.039562  0.149297  0.077051 -0.433547 -0.223754  0.008117 -0.012650 -0.011236  0.018244  0.001757 -0.004990 -0.006017  0.003016  0.069930 -0.034119 -0.000287  0.000134  0.006628 -0.009937  0.001728 -0.004588
 0.029416  0.017048  0.031989  0.001647  0.222262  0.240849  0.146309 -0.071053  0.027354  0.047330  0.001478  0.004048  1.000000  0.000000 -0.000000  0.000000  0.000698  0.001573  0.000319 -0.000055  0.083539 -0.112363  0.027274 -0.064126  0.026078 -0.062291  0.450803 -0.012332  0.450501 -0.012473  0.450590 -0.012431  0.000771 -0.003272  0.000951 -0.003975  0.000271 -0.001221  0.007747 -0.025266  0.035142 -0.074982
-0.024336 -0.004976 -0.029816 -0.001535 -0.240849 -0.164758 -0.183828  0.089274 -0.047330 -0.072812 -0.002706 -0.007408  0.000000  1.000000 -0.000000  0.000000 -0.001573 -0.003226 -0.000720  0.000124 -0.069798  0.031115 -0.037707  0.056747 -0.034063  0.052721 -0.020201 -0.010425  0.056609  0.029214  0.353798  0.182582 -0.001388  0.005343 -0.001732  0.006524 -0.000577  0.002419 -0.007407  0.019206 -0.005863  0.007391
-0.045664 -0.029816 -0.045035 -0.002881 -0.146309 -0.183828  0.026184  0.054231 -0.001478 -0.002706  0.013730 -0.000231 -0.000000 -0.000000  1.000000 -0.000000 -0.000319 -0.000720  0.000175  0.000025 -0.040844  0.018208  0.014053 -0.021149 -0.000139  0.000216  0.410316  0.211746  0.015605  0.008053 -0.185360 -0.095658 -0.000628  0.002416 -0.000398  0.001498 -0.000022  0.000092 -0.010418  0.027013 -0.050106  0.063161
-0.002351 -0.001535 -0.002881  0.010766  0.071053  0.089274  0.054231  0.111518 -0.004048 -0.007408 -0.000231  0.013181  0.000000  0.000000 -0.000000  1.000000  0.000055  0.000124  0.000025  0.000317  0.075758 -0.033772  0.002385 -0.003590 -0.018375  0.028440  0.147344  0.076038 -0.432290 -0.223091  0.175605  0.090623 -0.000121  0.000466  0.000537 -0.002024 -0.000027  0.000114  0.000892 -0.002313  0.005378 -0.006779
 0.006701 -0.007519  0.003850  0.000685  0.024629 -0.043025 -0.000098 -0.004056  0.224141 -0.251436 -0.133802  0.066747  0.000698 -0.001573 -0.000319  0.000055  1.000000 -0.000000  0.000000 -0.000000  0.023523 -0.058184  0.084444 -0.112741  0.083548 -0.112367  0.000997 -0.004155  0.000903 -0.003788  0.000234 -0.001059  0.451577 -0.011970  0.451228 -0.012133  0.451088 -0.012199  0.028645 -0.066165  0.001792 -0.007108
 0.011911 -0.012562  0.007524  0.001339  0.043025 -0.066919 -0.000180 -0.007475  0.251436 -0.188045 -0.174149  0.086875  0.001573 -0.003226 -0.000720  0.000124 -0.000000  1.000000  0.000000 -0.000000  0.030997 -0.051005  0.066061 -0.028825  0.072038 -0.032107  0.001748 -0.006547  0.001659 -0.006284  0.000501 -0.002121 -0.029152 -0.015043 -0.041130 -0.021225 -0.337561 -0.174197  0.029510 -0.043025  0.002973 -0.010359
-0.006099  0.007524 -0.001721 -0.000686  0.000098 -0.000180  0.012366 -0.000017  0.133802 -0.174149  0.046536  0.046231  0.000319 -0.000720  0.000175  0.000025  0.000000  0.000000  1.000000 -0.000000 -0.000197  0.000325  0.090288 -0.039397  0.039526 -0.017616  0.000838 -0.003138  0.000341 -0.001293  0.000033 -0.000140 -0.392909 -0.202750 -0.049787 -0.025692  0.238386  0.123018 -0.030051  0.043813 -0.001517  0.005288
-0.001085  0.001339 -0.000686  0.002009  0.004056 -0.007475 -0.000017  0.011662 -0.066747  0.086875  0.046231  0.116148 -0.000055  0.000124  0.000025  0.000317 -0.000000 -0.000000 -0.000000  1.000000  0.016770 -0.027594  0.001480 -0.000646 -0.074363  0.033143  0.000110 -0.000411 -0.000511  0.001935  0.000033 -0.000139 -0.188807 -0.097429  0.431886  0.222870 -0.140886 -0.072704  0.001532 -0.002233  0.000121 -0.000420
 0.084889 -0.008565  0.055540  0.064725  0.450009 -0.033790 -0.008547  0.434574  0.081217  0.057783 -0.035627  0.084065  0.083539 -0.069798 -0.040844  0.075758  0.023523  0.030997 -0.000197  0.016770  1.000000  0.000000  0.059513 -0.090322  0.021092 -0.045359  0.058987 -0.089879  0.021157 -0.045463  0.059679 -0.090461  0.014756 -0.034533  0.050594 -0.082267  0.005361 -0.015159  0.074931 -0.101756  0.070505 -0.098767
-0.112026  0.003960 -0.025683 -0.029930 -0.012703 -0.017438 -0.004411  0.224277 -0.111351 -0.027193  0.016766 -0.039562 -0.112363  0.031115  0.018208 -0.033772 -0.058184 -0.051005  0.000325 -0.027594  0.000000  1.000000 -0.090322  0.028839 -0.045359  0.037031 -0.089879  0.028976 -0.045463  0.037032 -0.090461  0.028796 -0.034533  0.035966 -0.082267  0.031209 -0.015159  0.026698 -0.101756  0.025098 -0.098767  0.026107
 0.005519 -0.002612  0.005733  0.000504  0.081485 -0.064582  0.086371 -0.010646  0.449704 -0.018310  0.409008  0.149297  0.027274 -0.037707  0.014053  0.002385  0.084444  0.066061  0.090288  0.001480  0.059513 -0.090322  1.000000  0.000000  0.187160 -0.127451  0.057005 -0.088173  0.019815 -0.043287  0.005758 -0.016095  0.021496 -0.046004  0.055225 -0.086595  0.066179 -0.095624  0.006032 -0.016732  0.002194 -0.007060
-0.019545  0.008559 -0.018785 -0.001650 -0.111470  0.030205 -0.040396  0.004979 -0.012845 -0.009450  0.211087  0.077051 -0.064126  0.056747 -0.021149 -0.003590 -0.112741 -0.028825 -0.039397 -0.000646 -0.090322  0.028839  0.000000  1.000000 -0.127451  0.026997 -0.088173  0.029497 -0.043287  0.036972 -0.016095  0.027497 -0.046004  0.037037 -0.086595  0.029969 -0.095624  0.027148 -0.016732  0.028012 -0.007060  0.017052
 0.022827 -0.011314  0.018879 -0.010579  0.079031 -0.055993  0.036802 -0.081416  0.449574  0.033826  0.027156 -0.433547  0.026078 -0.034063 -0.000139 -0.018375  0.083548  0.072038  0.039526 -0.074363  0.021092 -0.045359  0.187160 -0.127451  1.000000  0.000000  0.020671 -0.044682  0.051350 -0.082997  0.005315 -0.015050  0.060232 -0.090922  0.021411 -0.045868  0.058576 -0.089529  0.018554 -0.041189  0.006395 -0.017566
-0.057961  0.021816 -0.036403  0.020399 -0.110343  0.027706 -0.018210  0.040285 -0.012906  0.017458  0.014015 -0.223754 -0.062291  0.052721  0.000216  0.028440 -0.112367 -0.032107 -0.017616  0.033143 -0.045359  0.037031 -0.127451  0.026997  0.000000  1.000000 -0.044682  0.037018 -0.082997  0.031006 -0.015050  0.026602 -0.090922  0.028652 -0.045868  0.037036 -0.089529  0.029084 -0.041189  0.036849 -0.017566  0.028653
 0.005805  0.002136  0.006209  0.000939  0.079679  0.059469  0.088007 -0.000186  0.025787  0.034129  0.015396  0.008117  0.450803 -0.020201  0.410316  0.147344  0.000997  0.001748  0.000838  0.000110  0.058987 -0.089879  0.057005 -0.088173  0.020671 -0.044682  1.000000  0.000000  0.183958 -0.127633  0.185073 -0.127574  0.000528 -0.001996  0.001325 -0.004540  0.000520 -0.001968  0.002207 -0.007097  0.007417 -0.019861
-0.020391 -0.006917 -0.020103 -0.003041 -0.110648 -0.028994 -0.042908  0.000091 -0.061836 -0.053188 -0.023994 -0.012650 -0.012332 -0.010425  0.211746  0.076038 -0.004155 -0.006547 -0.003138 -0.000411 -0.089879  0.028976 -0.088173  0.029497 -0.044682  0.037018  0.000000  1.000000 -0.127633  0.026185 -0.127574  0.026463 -0.001996  0.006661 -0.004540  0.012552 -0.001968  0.006586 -0.007097  0.017112 -0.019861  0.030241
 0.025087  0.012645  0.021487 -0.009600  0.077909  0.067154  0.038544 -0.069580  0.024070  0.034155  0.001515 -0.011236  0.450501  0.056609  0.015605 -0.432290  0.000903  0.001659  0.000341 -0.000511  0.021157 -0.045463  0.019815 -0.043287  0.051350 -0.082997  0.183958 -0.127633  1.000000  0.000000  0.183533 -0.127654  0.001124 -0.003924  0.000575 -0.002155  0.000425 -0.001639  0.006454 -0.017701  0.025247 -0.051764
-0.061667 -0.023042 -0.039154  0.017493 -0.109805 -0.034084 -0.019563  0.035316 -0.059086 -0.055460 -0.002460  0.018244 -0.012473  0.029214  0.008053 -0.223091 -0.003788 -0.006284 -0.001293  0.001935 -0.045463  0.037032 -0.043287  0.036972 -0.082997  0.031006 -0.127633  0.026185  0.000000  1.000000 -0.127654  0.026080 -0.003924  0.011279 -0.002155  0.007088 -0.001639  0.005669 -0.017701  0.028753 -0.051764  0.036864
 0.026268  0.021060  0.017405  0.005717  0.078818  0.104108  0.014677  0.003256  0.005476  0.009103 -0.001038  0.001757  0.450590  0.353798 -0.185360  0.175605  0.000234  0.000501  0.000033  0.000033  0.059679 -0.090461  0.005758 -0.016095  0.005315 -0.015050  0.185073 -0.127574  0.183533 -0.127654  1.000000  0.000000  0.000314 -0.001243  0.000423 -0.001632  0.000070 -0.000306  0.007570 -0.020200  0.066222 -0.095656
-0.063519 -0.037279 -0.030809 -0.010120 -0.110242 -0.051763 -0.007298 -0.001619 -0.018943 -0.025853  0.002948 -0.004990 -0.012431  0.182582 -0.095658  0.090623 -0.001059 -0.002121 -0.000140 -0.000139 -0.090461  0.028796 -0.016095  0.027497 -0.015050  0.026602 -0.127574  0.026463 -0.127654  0.026080  0.000000  1.000000 -0.001243  0.004496 -0.001632  0.005647 -0.000306  0.001299 -0.020200  0.030455 -0.095656  0.027137
 0.021801 -0.023070  0.003235 -0.001925  0.019560 -0.027024 -0.010196 -0.007348  0.078452 -0.066432 -0.080767 -0.006017  0.000771 -0.001388 -0.000628 -0.000121  0.451577 -0.029152 -0.392909 -0.188807  0.014756 -0.034533  0.021496 -0.046004  0.060232 -0.090922  0.000528 -0.001996  0.001124 -0.003924  0.000314 -0.001243  1.000000  0.000000  0.182382 -0.127709  0.185749 -0.127536  0.087019 -0.108855  0.005784 -0.016155
-0.056205  0.045663 -0.006404  0.003810 -0.051261  0.049108  0.018529  0.013353 -0.110068  0.033305  0.040492  0.003016 -0.003272  0.005343  0.002416  0.000466 -0.011970 -0.015043 -0.202750 -0.097429 -0.034533  0.035966 -0.046004  0.037037 -0.090922  0.028652 -0.001996  0.006661 -0.003924  0.011279 -0.001243  0.004496  0.000000  1.000000 -0.127709  0.025799 -0.127536  0.026634 -0.108855  0.022673 -0.016155  0.027546
 0.006833 -0.006483  0.002905  0.003097  0.024301 -0.034562 -0.001701  0.010971  0.079647 -0.069064 -0.040172  0.069930  0.000951 -0.001732 -0.000398  0.000537  0.451228 -0.041130 -0.049787  0.431886  0.050594 -0.082267  0.055225 -0.086595  0.021411 -0.045868  0.001325 -0.004540  0.000575 -0.002155  0.000423 -0.001632  0.182382 -0.127709  1.000000  0.000000  0.184032 -0.127629  0.030843 -0.059662  0.002656 -0.008332
-0.023348  0.020155 -0.009032 -0.009626 -0.059463  0.055808  0.002747 -0.017716 -0.110633  0.033697  0.019600 -0.034119 -0.003975  0.006524  0.001498 -0.002024 -0.012133 -0.021225 -0.025692  0.222870 -0.082267  0.031209 -0.086595  0.029969 -0.045868  0.037036 -0.004540  0.012552 -0.002155  0.007088 -0.001632  0.005647 -0.127709  0.025799  0.000000  1.000000 -0.127629  0.026203 -0.059662  0.036058 -0.008332  0.018980
 0.001215 -0.001281  0.000716 -0.000040  0.005247 -0.008710  0.001518 -0.001522  0.081624 -0.108420 -0.004979 -0.000287  0.000271 -0.000577 -0.000022 -0.000027  0.451088 -0.337561  0.238386 -0.140886  0.005361 -0.015159  0.066179 -0.095624  0.058576 -0.089529  0.000520 -0.001968  0.000425 -0.001639  0.000070 -0.000306  0.185749 -0.127536  0.184032 -0.127629  1.000000  0.000000  0.005497 -0.015482  0.000323 -0.001275
-0.005104  0.005307 -0.002965  0.000165 -0.018272  0.024987 -0.004355  0.004368 -0.111532  0.050546  0.002321  0.000134 -0.001221  0.002419  0.000092  0.000114 -0.012199 -0.174197  0.123018 -0.072704 -0.015159  0.026698 -0.095624  0.027148 -0.089529  0.029084 -0.001968  0.006586 -0.001639  0.005669 -0.000306  0.001299 -0.127536  0.026634 -0.127629  0.026203  0.000000  1.000000 -0.015482  0.026979 -0.001275  0.004593
 0.480170 -0.304005 -0.218188  0.133307  0.099736 -0.041577 -0.122608 -0.009006  0.027434  0.008689 -0.039025  0.006628  0.007747 -0.007407 -0.010418  0.000892  0.028645  0.029510 -0.030051  0.001532  0.074931 -0.101756  0.006032 -0.016732  0.018554 -0.041189  0.002207 -0.007097  0.006454 -0.017701  0.007570 -0.020200  0.087019 -0.108855  0.030843 -0.059662  0.005497 -0.015482  1.000000  0.000000  0.226645 -0.122371
 0.015953 -0.171495 -0.123084  0.075201 -0.117932  0.012221  0.036038  0.002647 -0.064368 -0.013028  0.058512 -0.009937 -0.025266  0.019206  0.027013 -0.002313 -0.066165 -0.043025  0.043813 -0.002233 -0.101756  0.025098 -0.016732  0.028012 -0.041189  0.036849 -0.007097  0.017112 -0.017701  0.028753 -0.020200  0.030455 -0.108855  0.022673 -0.059662  0.036058 -0.015482  0.026979  0.000000  1.000000 -0.122371  0.039758
 0.479809  0.327943 -0.165724  0.150417  0.100141  0.061494 -0.114646 -0.006228  0.007115  0.007776 -0.008781  0.001728  0.035142 -0.005863 -0.050106  0.005378  0.001792  0.002973 -0.001517  0.000121  0.070505 -0.098767  0.002194 -0.007060  0.006395 -0.017566  0.007417 -0.019861  0.025247 -0.051764  0.066222 -0.095656  0.005784 -0.016155  0.002656 -0.008332  0.000323 -0.001275  0.226645 -0.122371  1.000000  0.000000
 0.015784  0.185065 -0.093522  0.084884 -0.118041 -0.017867  0.033310  0.001809 -0.023566 -0.020651  0.023320 -0.004588 -0.074982  0.007391  0.063161 -0.006779 -0.007108 -0.010359  0.005288 -0.000420 -0.098767  0.026107 -0.007060  0.017052 -0.017566  0.028653 -0.019861  0.030241 -0.051764  0.036864 -0.095656  0.027137 -0.016155  0.027546 -0.008332  0.018980 -0.001275  0.004593 -0.122371  0.039758  0.000000  1.000000

S^(-1/2)
 1.312740  0.000543 -0.039614  0.102812 -0.134311 -0.015633  0.176245  0.061424 -0.003608 -0.006345 -0.000854 -0.002554 -0.003639  0.004766 -0.000154 -0.001119 -0.000317  0.002171  0.000281  0.002319 -0.015233  0.028751  0.000332  0.003146 -0.003943  0.018130  0.001232  0.002950 -0.003909  0.018179  0.003088  0.009203  0.004191  0.005635  0.002320 -0.002246  0.001465  0.000159 -0.309585 -0.070297 -0.308358 -0.070652
 0.000543  1.145483  0.003007  0.004289  0.013234 -0.060646 -0.019858 -0.006666 -0.003326 -0.001603 -0.005883 -0.006780  0.002774 -0.005485  0.008655  0.007061  0.000472  0.001511 -0.002213 -0.000277  0.000939 -0.002500  0.001574 -0.000549  0.002123 -0.008793 -0.001162 -0.000225 -0.002713  0.009475 -0.002115  0.008318  0.003708 -0.009463 -0.000376 -0.001383 -0.000914 -0.000227  0.216415  0.090078 -0.234660 -0.096705
-0.039614  0.003007  1.119268 -0.018630 -0.137136 -0.019387  0.157720  0.076008 -0.000883 -0.004768 -0.000777 -0.003067 -0.001427  0.003126  0.002931 -0.001156  0.001069 -0.000410  0.000954 -0.000359 -0.010897  0.015882 -0.000588  0.003182 -0.001530  0.010464  0.000018  0.002897 -0.001442  0.012331 -0.001201  0.012328 -0.002612  0.006825  0.001898  0.003899  0.001427 -0.000324  0.162458  0.067600  0.124711  0.052145
 0.102812  0.004289 -0.018630  1.045194 -0.055750 -0.007158  0.078831 -0.039015 -0.004784 -0.005624 -0.004088 -0.003881 -0.002666  0.005776 -0.004076 -0.001625 -0.001898 -0.000583 -0.000691  0.000804 -0.006314  0.018311  0.000105  0.000911  0.002392 -0.011544 -0.000192  0.001096  0.002530 -0.011000 -0.002800 -0.002046  0.001789 -0.007647 -0.001129  0.000995 -0.001196  0.000325 -0.092293 -0.058820 -0.104028 -0.063921
-0.134311  0.013234 -0.137136 -0.055750  1.292956  0.001868  0.001024  0.039877 -0.120074 -0.135906  0.073179 -0.062960 -0.124972  0.138709  0.085214 -0.042122 -0.002961 -0.001082 -0.004338  0.003258 -0.277690 -0.055211 -0.010302  0.033299 -0.010225  0.035255 -0.007970  0.031802 -0.007986  0.033807 -0.008162  0.031959  0.003080  0.009967  0.001679  0.008328  0.002366  0.002227 -0.010233  0.037958 -0.008249  0.036970
-0.015633 -0.060646 -0.019387 -0.007158  0.001868  1.135003 -0.001164 -0.004277  0.135665  0.105646 -0.096492  0.084418 -0.143123  0.114223  0.114617 -0.057021  0.002590  0.008327 -0.002416  0.001399  0.025114  0.009382  0.016137 -0.014207  0.015893 -0.010563 -0.014396  0.011727 -0.014683  0.013252 -0.014553  0.027574  0.000924 -0.014649  0.006078 -0.018780  0.000077 -0.002856  0.009758 -0.008953 -0.011655  0.011861
 0.176245 -0.019858  0.157720  0.078831  0.001024 -0.001164  1.136187 -0.001229 -0.076358 -0.097634 -0.018334 -0.048490 -0.086056  0.113854 -0.005700 -0.035061 -0.005018 -0.000433 -0.008162  0.007626  0.007523  0.002620 -0.009208  0.024255 -0.006072  0.006047 -0.009079  0.025181 -0.007757  0.006495 -0.008605 -0.000649 -0.000574 -0.005885 -0.000037 -0.003175  0.001394  0.001315  0.021268 -0.023066  0.020141 -0.021315
 0.061424 -0.006666  0.076008 -0.039015  0.039877 -0.004277 -0.001229  1.179610  0.062580  0.083839 -0.047040 -0.036529  0.039997 -0.054363 -0.033885 -0.061489  0.002924 -0.001099  0.007774 -0.001821 -0.316619 -0.128846  0.001686 -0.000594  0.007613 -0.024507 -0.000097  0.001944  0.003862 -0.022476  0.000509  0.002569  0.000042 -0.001592 -0.004590  0.002445 -0.001288 -0.000894 -0.001380 -0.004135 -0.003271 -0.002742
-0.003608 -0.003326 -0.000883 -0.004784 -0.120074  0.135665 -0.076358  0.062580  1.330218 -0.004412  0.043383 -0.026379 -0.004360  0.002940  0.004377 -0.001829 -0.126958 -0.145985 -0.078425  0.039279 -0.013659  0.033832 -0.278474 -0.061991 -0.279468 -0.061165  0.000430  0.008538 -0.000857  0.008596  0.000390  0.002728 -0.010293  0.032435 -0.009132  0.032515 -0.010437  0.029761  0.003050  0.014154  0.000174  0.002914
-0.006345 -0.001603 -0.004768 -0.005624 -0.135906  0.105646 -0.097634  0.083839 -0.004412  1.133399  0.000130 -0.003384 -0.003534  0.011698 -0.003061  0.003611  0.149674  0.128613  0.110756 -0.055305 -0.016675  0.011896  0.012400  0.005317 -0.025601 -0.008707 -0.005390  0.019537 -0.005574  0.019751 -0.000759  0.002885  0.014694 -0.013065  0.015633 -0.014021  0.016972 -0.029387 -0.002446  0.004731 -0.001450  0.003614
-0.000854 -0.005883 -0.000777 -0.004088  0.073179 -0.096492 -0.018334 -0.047040  0.043383  0.000130  1.166565  0.009876  0.003869  0.003573 -0.009583  0.008133  0.077216  0.107415 -0.020016 -0.029607  0.005677 -0.009214 -0.298818 -0.119452 -0.024525 -0.012956 -0.004660  0.005325 -0.000833  0.002944 -0.001164 -0.001641  0.007483 -0.025241  0.004005 -0.009939  0.002861  0.001562  0.003982 -0.019175  0.000459 -0.003640
-0.002554 -0.006780 -0.003067 -0.003881 -0.062960  0.084418 -0.048490 -0.036529 -0.026379 -0.003384  0.009876  1.177327 -0.002293 -0.001913  0.007369 -0.002304 -0.037811 -0.052961 -0.029874 -0.064577 -0.010045  0.025144 -0.102982 -0.038706  0.314718  0.124428 -0.000309  0.000450  0.003647 -0.002742  0.001380  0.000970 -0.001329 -0.003801 -0.005113  0.022786 -0.000146 -0.002126  0.002415 -0.000119  0.000782 -0.000186
-0.003639  0.002774 -0.001427 -0.002666 -0.124972 -0.143123 -0.086056  0.039997 -0.004360 -0.003534  0.003869 -0.002293  1.367157  0.039174  0.024900 -0.009207  0.000615 -0.000505  0.001290 -0.000738 -0.016595  0.032762 -0.000375  0.009946 -0.001889  0.010086 -0.282641 -0.067480 -0.283287 -0.066544 -0.282232 -0.067208  0.000637  0.001043  0.001448  0.001075  0.000462 -0.000328 -0.000233  0.003572 -0.001548  0.013317
 0.004766 -0.005485  0.003126  0.005776  0.138709  0.114223  0.113854 -0.054363  0.002940  0.011698  0.003573 -0.001913  0.039174  1.154209 -0.015171  0.006461  0.000151  0.001543 -0.001139  0.000733  0.014988 -0.017340  0.006208 -0.020662  0.005922 -0.020468  0.008651  0.002525 -0.046022 -0.019011 -0.260453 -0.100567 -0.001031 -0.000800 -0.001341 -0.000913 -0.001658  0.001013  0.000906 -0.002986 -0.001411 -0.005771
-0.000154  0.008655  0.002931 -0.004076  0.085214  0.114617 -0.005700 -0.033885  0.004377 -0.003061 -0.009583  0.007369  0.024900 -0.015171  1.168348  0.003783 -0.000947 -0.000511 -0.000742  0.000499  0.008457 -0.009931 -0.004386  0.004554 -0.000559  0.002363 -0.298866 -0.114931 -0.013625 -0.007036  0.129683  0.048791 -0.000256 -0.000688  0.000022 -0.000940  0.000517 -0.000264  0.000325 -0.004450  0.013456 -0.022652
-0.001119  0.007061 -0.001156 -0.001625 -0.042122 -0.057021 -0.035061 -0.061489 -0.001829  0.003611  0.008133 -0.002304 -0.009207  0.006461  0.003783  1.176990  0.000795  0.000997  0.000471  0.000080 -0.010821  0.024104  0.000472 -0.003028  0.005257 -0.007008 -0.104755 -0.039104  0.313209  0.119514 -0.125011 -0.047014 -0.000460  0.000475  0.001382 -0.000283 -0.000573  0.000276  0.001247 -0.000171  0.001720 -0.001821
-0.000317  0.000472  0.001069 -0.001898 -0.002961  0.002590 -0.005018  0.002924 -0.126958  0.149674  0.077216 -0.037811  0.000615  0.000151 -0.000947  0.000795  1.370758 -0.040261 -0.017500  0.008480 -0.000342  0.008711 -0.014013  0.032151 -0.014318  0.032131  0.001834  0.000840  0.001513  0.000861  0.000002 -0.000226 -0.283446 -0.067485 -0.283011 -0.067331 -0.281771 -0.068503  0.000764  0.006426  0.000745  0.000149
 0.002171  0.001511 -0.000410 -0.000583 -0.001082  0.008327 -0.000433 -0.001099 -0.145985  0.128613  0.107415 -0.052961 -0.000505  0.001543 -0.000511  0.000997 -0.040261  1.151166 -0.012035  0.007397 -0.004906  0.018293 -0.013821  0.015813 -0.014598  0.017671  0.001331  0.001024  0.000827  0.001137  0.000461 -0.000501  0.027799  0.011116  0.035744  0.014308  0.249578  0.095585 -0.011859  0.016929  0.002953  0.000592
 0.000281 -0.002213  0.000954 -0.000691 -0.004338 -0.002416 -0.008162  0.007774 -0.078425  0.110756 -0.020016 -0.029874  0.001290 -0.001139 -0.000742  0.000471 -0.017500 -0.012035  1.172897  0.003849  0.001019 -0.002652 -0.012970  0.026133 -0.006737  0.009317  0.001633 -0.000029  0.000391  0.000459 -0.000346  0.000145  0.286053  0.109755  0.038641  0.015571 -0.168481 -0.063835  0.009817 -0.009912 -0.001116 -0.000801
 0.002319 -0.000277 -0.000359  0.000804  0.003258  0.001399  0.007626 -0.001821  0.039279 -0.055305 -0.029607 -0.064577 -0.000738  0.000733  0.000499  0.000080  0.008480  0.007397  0.003849  1.178466 -0.004044  0.005318 -0.000797  0.003035  0.010270 -0.023735  0.000567 -0.000461 -0.001487  0.000336  0.000309 -0.000180  0.135572  0.050477 -0.313139 -0.119381  0.099949  0.037977 -0.006447  0.004558  0.001059  0.000176
-0.015233  0.000939 -0.010897 -0.006314 -0.277690  0.025114  0.007523 -0.316619 -0.013659 -0.016675  0.005677 -0.010045 -0.016595  0.014988  0.008457 -0.010821 -0.000342 -0.004906  0.001019 -0.004044  1.231173  0.039927 -0.011318  0.030987 -0.003198  0.006375 -0.009745  0.031136 -0.000426  0.005622 -0.009914  0.031414  0.005030  0.006105 -0.018304  0.033827  0.004642  0.000140 -0.014914  0.036720 -0.011702  0.034806
 0.028751 -0.002500  0.015882  0.018311 -0.055211  0.009382  0.002620 -0.128846  0.033832  0.011896 -0.009214  0.025144  0.032762 -0.017340 -0.009931  0.024104  0.008711  0.018293 -0.002652  0.005318  0.039927  1.048595  0.030959 -0.006267  0.006536 -0.002664  0.030282 -0.007336  0.005761 -0.002128  0.030483 -0.007208  0.004265 -0.006718  0.034555 -0.010100  0.001004 -0.001842  0.036348 -0.004071  0.034961 -0.004974
 0.000332  0.001574 -0.000588  0.000105 -0.010302  0.016137 -0.009208  0.001686 -0.278474  0.012400 -0.298818 -0.102982 -0.000375  0.006208 -0.004386  0.000472 -0.014013 -0.013821 -0.012970 -0.000797 -0.011318  0.030959  1.235041  0.039285 -0.046643  0.062908 -0.021257  0.036929  0.004493  0.009247  0.004536  0.000061  0.001685  0.005531 -0.007234  0.029041 -0.012405  0.034182  0.002000  0.002089  0.001344 -0.000587
 0.003146 -0.000549  0.003182  0.000911  0.033299 -0.014207  0.024255 -0.000594 -0.061991  0.005317 -0.119452 -0.038706  0.009946 -0.020662  0.004554 -0.003028  0.032151  0.015813  0.026133  0.003035  0.030987 -0.006267  0.039285  1.046192  0.063122 -0.000784  0.036790 -0.009836  0.009138 -0.008916  0.001296 -0.001603  0.005430 -0.002392  0.028011 -0.007365  0.034456 -0.008167  0.000340 -0.001559 -0.000640 -0.000421
-0.003943  0.002123 -0.001530  0.002392 -0.010225  0.015893 -0.006072  0.007613 -0.279468 -0.025601 -0.024525  0.314718 -0.001889  0.005922 -0.000559  0.005257 -0.014318 -0.014598 -0.006737  0.010270 -0.003198  0.006536 -0.046643  0.063122  1.233070  0.039986  0.004348  0.009904 -0.019373  0.034828  0.003308  0.000242 -0.011658  0.032408  0.001430  0.005608 -0.007619  0.030322  0.000608  0.009909  0.000998  0.002281
 0.018130 -0.008793  0.010464 -0.011544  0.035255 -0.010563  0.006047 -0.024507 -0.061165 -0.008707 -0.012956  0.124428  0.010086 -0.020468  0.002363 -0.007008  0.032131  0.017671  0.009317 -0.023735  0.006375 -0.002664  0.062908 -0.000784  0.039986  1.045778  0.009755 -0.009066  0.034300 -0.010742  0.001398 -0.001549  0.030314 -0.007500  0.005173 -0.002004  0.030598 -0.008150  0.008430 -0.009311  0.001678 -0.005263
 0.001232 -0.001162  0.000018 -0.000192 -0.007970 -0.014396 -0.009079 -0.000097  0.000430 -0.005390 -0.004660 -0.000309 -0.282641  0.008651 -0.298866 -0.104755  0.001834  0.001331  0.001633  0.000567 -0.009745  0.030282 -0.021257  0.036790  0.004348  0.009755  1.239800  0.039935 -0.041434  0.061499 -0.041327  0.062322  0.000731 -0.000475  0.003062 -0.001065  0.002479 -0.001263  0.001267 -0.000658  0.004480  0.001531
 0.002950 -0.000225  0.002897  0.001096  0.031802  0.011727  0.025181  0.001944  0.008538  0.019537  0.005325  0.000450 -0.067480  0.002525 -0.114931 -0.039104  0.000840  0.001024 -0.000029 -0.000461  0.031136 -0.007336  0.036929 -0.009836  0.009904 -0.009066  0.039935  1.042690  0.061531 -0.002202  0.062319 -0.003509 -0.000569  0.000136 -0.000982 -0.000602 -0.001409  0.000728 -0.000659 -0.000490  0.000042 -0.001821
-0.003909 -0.002713 -0.001442  0.002530 -0.007986 -0.014683 -0.007757  0.003862 -0.000857 -0.005574 -0.000833  0.003647 -0.283287 -0.046022 -0.013625  0.313209  0.001513  0.000827  0.000391 -0.001487 -0.000426  0.005761  0.004493  0.009138 -0.019373  0.034300 -0.041434  0.061531  1.237791  0.040456 -0.041483  0.062026  0.001739 -0.000581  0.000844 -0.000331  0.002000 -0.001054  0.000968  0.002081  0.000185  0.013709
 0.018179  0.009475  0.012331 -0.011000  0.033807  0.013252  0.006495 -0.022476  0.008596  0.019751  0.002944 -0.002742 -0.066544 -0.019011 -0.007036  0.119514  0.000861  0.001137  0.000459  0.000336  0.005622 -0.002128  0.009247 -0.008916  0.034828 -0.010742  0.061499 -0.002202  0.040456  1.042653  0.061327 -0.002675 -0.000749 -0.000773 -0.000660  0.000014 -0.001324  0.000817  0.001600 -0.005008  0.014589 -0.010867
 0.003088 -0.002115 -0.001201 -0.002800 -0.008162 -0.014553 -0.008605  0.000509  0.000390 -0.000759 -0.001164  0.001380 -0.282232 -0.260453  0.129683 -0.125011  0.000002  0.000461 -0.000346  0.000309 -0.009914  0.030483  0.004536  0.001296  0.003308  0.001398 -0.041327  0.062319 -0.041483  0.061327  1.239832  0.039805  0.000150 -0.000516  0.001676 -0.000891 -0.000058  0.000030  0.006235  0.000990 -0.026247  0.038389
 0.009203  0.008318  0.012328 -0.002046  0.031959  0.027574 -0.000649  0.002569  0.002728  0.002885 -0.001641  0.000970 -0.067208 -0.100567  0.048791 -0.047014 -0.000226 -0.000501  0.000145 -0.000180  0.031414 -0.007208  0.000061 -0.001603  0.000242 -0.001549  0.062322 -0.003509  0.062026 -0.002675  0.039805  1.042540 -0.000283  0.000085 -0.001018  0.000507  0.000011 -0.000010  0.000034 -0.004064  0.042504 -0.008383
 0.004191  0.003708 -0.002612  0.001789  0.003080  0.000924 -0.000574  0.000042 -0.010293  0.014694  0.007483 -0.001329  0.000637 -0.001031 -0.000256 -0.000460 -0.283446  0.027799  0.286053  0.135572  0.005030  0.004265  0.001685  0.005430 -0.011658  0.030314  0.000731 -0.000569  0.001739 -0.000749  0.000150 -0.000283  1.243868  0.038299 -0.040613  0.059677 -0.041454  0.062184 -0.043674  0.047619  0.006223  0.000405
 0.005635 -0.009463  0.006825 -0.007647  0.009967 -0.014649 -0.005885 -0.001592  0.032435 -0.013065 -0.025241 -0.003801  0.001043 -0.000800 -0.000688  0.000475 -0.067485  0.011116  0.109755  0.050477  0.006105 -0.006718  0.005531 -0.002392  0.032408 -0.007500 -0.000475  0.000136 -0.000581 -0.000773 -0.000516  0.000085  0.038299  1.044880  0.060939 -0.001217  0.062701 -0.003564  0.052199 -0.006438 -0.000126 -0.004692
 0.002320 -0.000376  0.001898 -0.001129  0.001679  0.006078 -0.000037 -0.004590 -0.009132  0.015633  0.004005 -0.005113  0.001448 -0.001341  0.000022  0.001382 -0.283011  0.035744  0.038641 -0.313139 -0.018304  0.034555 -0.007234  0.028011  0.001430  0.005173  0.003062 -0.000982  0.000844 -0.000660  0.001676 -0.001018 -0.040613  0.060939  1.239814  0.040296 -0.040944  0.061679 -0.001709  0.017559  0.004021 -0.000310
-0.002246 -0.001383  0.003899  0.000995  0.008328 -0.018780 -0.003175  0.002445  0.032515 -0.014021 -0.009939  0.022786  0.001075 -0.000913 -0.000940 -0.000283 -0.067331  0.014308  0.015571 -0.119381  0.033827 -0.010100  0.029041 -0.007365  0.005608 -0.002004 -0.001065 -0.000602 -0.000331  0.000014 -0.000891  0.000507  0.059677 -0.001217  0.040296  1.042821  0.061967 -0.003399  0.025213 -0.009078 -0.001751 -0.002518
 0.001465 -0.000914  0.001427 -0.001196  0.002366  0.000077  0.001394 -0.001288 -0.010437  0.016972  0.002861 -0.000146  0.000462 -0.001658  0.000517 -0.000573 -0.281771  0.249578 -0.168481  0.099949  0.004642  0.001004 -0.012405  0.034456 -0.007619  0.030598  0.002479 -0.001409  0.002000 -0.001324 -0.000058  0.000011 -0.041454  0.062701 -0.040944  0.061967  1.239268  0.041014  0.005286  0.000888  0.000139 -0.000571
 0.000159 -0.000227 -0.000324  0.000325  0.002227 -0.002856  0.001315 -0.000894  0.029761 -0.029387  0.001562 -0.002126 -0.000328  0.001013 -0.000264  0.000276 -0.068503  0.095585 -0.063835  0.037977  0.000140 -0.001842  0.034182 -0.008167  0.030322 -0.008150 -0.001263  0.000728 -0.001054  0.000817  0.000030 -0.000010  0.062184 -0.003564  0.061679 -0.003399  0.041014  1.040700 -0.001362 -0.001588  0.000024  0.000022
-0.309585  0.216415  0.162458 -0.092293 -0.010233  0.009758  0.021268 -0.001380  0.003050 -0.002446  0.003982  0.002415 -0.000233  0.000906  0.000325  0.001247  0.000764 -0.011859  0.009817 -0.006447 -0.014914  0.036348  0.002000  0.000340  0.000608  0.008430  0.001267 -0.000659  0.000968  0.001600  0.006235  0.000034 -0.043674  0.052199 -0.001709  0.025213  0.005286 -0.001362  1.237459  0.039495 -0.055160  0.071016
-0.070297  0.090078  0.067600 -0.058820  0.037958 -0.008953 -0.023066 -0.004135  0.014154  0.004731 -0.019175 -0.000119  0.003572 -0.002986 -0.004450 -0.000171  0.006426  0.016929 -0.009912  0.004558  0.036720 -0.004071  0.002089 -0.001559  0.009909 -0.009311 -0.000658 -0.000490  0.002081 -0.005008  0.000990 -0.004064  0.047619 -0.006438  0.017559 -0.009078  0.000888 -0.001588  0.039495  1.045048  0.071709 -0.010831
-0.308358 -0.234660  0.124711 -0.104028 -0.008249 -0.011655  0.020141 -0.003271  0.000174 -0.001450  0.000459  0.000782 -0.001548 -0.001411  0.013456  0.001720  0.000745  0.002953 -0.001116  0.001059 -0.011702  0.034961  0.001344 -0.000640  0.000998  0.001678  0.004480  0.000042  0.000185  0.014589 -0.026247  0.042504  0.006223 -0.000126  0.004021 -0.001751  0.000139  0.000024 -0.055160  0.071709  1.232392  0.042056
-0.070652 -0.096705  0.052145 -0.063921  0.036970  0.011861 -0.021315 -0.002742  0.002914  0.003614 -0.003640 -0.000186  0.013317 -0.005771 -0.022652 -0.001821  0.000149  0.000592 -0.000801  0.000176  0.034806 -0.004974 -0.000587 -0.000421  0.002281 -0.005263  0.001531 -0.001821  0.013709 -0.010867  0.038389 -0.008383  0.000405 -0.004692 -0.000310 -0.002518 -0.000571  0.000022  0.071016 -0.010831  0.042056  1.042017

Zero-th order Hamiltonian
-0.750684  0.000000  0.000000  0.000000 -0.222347 -0.026733  0.297129  0.104597 -0.023228 -0.025183  0.038133 -0.001920 -0.026026  0.023798  0.044655  0.002299 -0.005731 -0.011402  0.005839  0.001039 -0.076789  0.089529 -0.004684  0.014657 -0.019963  0.044784 -0.004932  0.015305 -0.021988  0.047752 -0.023048  0.049240 -0.019046  0.043381 -0.005823  0.017581 -0.001004  0.003727 -0.463404 -0.013602 -0.463036 -0.013457
 0.000000 -0.469315  0.000000  0.000000  0.019952 -0.113526 -0.030624 -0.010780  0.016265  0.009391 -0.027783  0.001399 -0.015482  0.004624  0.027709  0.001427  0.006736  0.011664 -0.006986 -0.001243  0.007885 -0.002719  0.002391 -0.005841  0.010384 -0.014930 -0.001955  0.004721 -0.011607  0.015772 -0.019334  0.025520  0.021171 -0.031247  0.005936 -0.013762  0.001170 -0.003614  0.281631  0.118469 -0.303805 -0.127843
 0.000000  0.000000 -0.469315  0.000000 -0.221762 -0.030624  0.224094  0.119821 -0.024630 -0.027783  0.033114 -0.002118 -0.029051  0.027709  0.041852  0.002677 -0.003449 -0.006986  0.001598  0.000636 -0.051133  0.017632 -0.005248  0.012822 -0.017327  0.024913 -0.005683  0.013722 -0.019724  0.026801 -0.015979  0.021091 -0.002969  0.004382 -0.002660  0.006167 -0.000654  0.002019  0.202130  0.085026  0.153526  0.064605
 0.000000  0.000000  0.000000 -0.469315 -0.078066 -0.010780  0.119821 -0.074101  0.001240  0.001399 -0.002118 -0.008849 -0.001496  0.001427  0.002677 -0.010005 -0.000614 -0.001243  0.000636 -0.001866 -0.059588  0.020547 -0.000461  0.001126  0.009709 -0.013960 -0.000860  0.002076  0.008812 -0.011974 -0.005248  0.006928  0.001767 -0.002607 -0.002835  0.006573  0.000036 -0.000113 -0.123496 -0.051949 -0.139346 -0.058638
-0.222347  0.019952 -0.221762 -0.078066 -0.511418  0.000000  0.000000  0.000000 -0.178354 -0.197625  0.110075 -0.093667 -0.181305  0.205493  0.124831 -0.060622 -0.019188 -0.035964 -0.000082 -0.003390 -0.353369  0.008199 -0.061993  0.069704 -0.060100  0.068970 -0.060599  0.069168 -0.059234  0.068620 -0.059935  0.068904 -0.014618  0.031489 -0.018207  0.036617 -0.003870  0.011077 -0.076101  0.073961 -0.076414  0.074034
-0.026733 -0.113526 -0.030624 -0.010780  0.000000 -0.364958  0.000000  0.000000  0.197640  0.124225 -0.132104  0.112413 -0.205506  0.137517  0.153433 -0.074513  0.035960  0.056125  0.000151  0.006269  0.027216  0.009981  0.052188 -0.017345  0.045249 -0.015911 -0.048057  0.016650 -0.054268  0.019574 -0.084131  0.029726  0.021876 -0.028251  0.027972 -0.032097  0.007060 -0.014393  0.033588 -0.007016 -0.049678  0.010257
 0.297129 -0.030624  0.224094  0.119821  0.000000  0.000000 -0.364958  0.000000 -0.110083 -0.132104 -0.039371 -0.062613 -0.124839  0.153433 -0.021855 -0.045264  0.000082  0.000151 -0.010372  0.000014  0.006884  0.002525 -0.069795  0.023197 -0.029740  0.010457 -0.071119  0.024641 -0.031149  0.011235 -0.011861  0.004191  0.008254 -0.010659  0.001377 -0.001580 -0.001231  0.002509  0.099049 -0.020689  0.092617 -0.019123
 0.104597 -0.010780  0.119821 -0.074101  0.000000  0.000000  0.000000 -0.364958  0.093674  0.112413 -0.062613 -0.059672  0.060626 -0.074513 -0.045264 -0.093079  0.003390  0.006269  0.000014 -0.009781 -0.350026 -0.128369  0.008603 -0.002859  0.065794 -0.023135  0.000150 -0.000052  0.056229 -0.020281 -0.002631  0.000930  0.005948 -0.007681 -0.008879  0.010189  0.001234 -0.002516  0.007276 -0.001520  0.005031 -0.001039
-0.023228  0.016265 -0.024630  0.001240 -0.178354  0.197640 -0.110083  0.093674 -0.511468  0.000000  0.000000  0.000000 -0.021351  0.039594  0.001237  0.003386 -0.182870 -0.214571 -0.114184  0.056961 -0.061791  0.069633 -0.353139  0.008291 -0.353033  0.008330 -0.019334  0.038108 -0.018033  0.036384 -0.004040  0.011489 -0.059656  0.068796 -0.060578  0.069164 -0.062103  0.069750 -0.020584  0.039697 -0.005263  0.014328
-0.025183  0.009391 -0.027783  0.001399 -0.197625  0.124225 -0.132104  0.112413  0.000000 -0.364939  0.000000  0.000000 -0.039593  0.061052  0.002269  0.006212  0.214530  0.156954  0.145356 -0.072511 -0.046694  0.015615  0.014747  0.005408 -0.027244 -0.009992 -0.027619  0.030587 -0.027642  0.031896 -0.007378  0.014891  0.053683 -0.019126  0.055809 -0.019350  0.087609 -0.029025 -0.007032  0.007492 -0.006301  0.011892
