---------------------------------------------
GFN1-xTB CALCULATION.
---------------------------------------------

Overlap (S)
 1.00000000 -0.00000000 -0.00000000  0.00000000  0.23536002  0.02624063 -0.29165922 -0.10267151  0.02632619  0.02579693 -0.03906317  0.00196649  0.02941558 -0.02433557 -0.04566407 -0.00235114  0.00670128  0.01191120 -0.00609927 -0.00108523  0.08488870 -0.11202550  0.00551913 -0.01954530  0.02282666 -0.05796139  0.00580465 -0.02039072  0.02508658 -0.06166698  0.02626809 -0.06351882  0.02180114 -0.05620482  0.00683265 -0.02334810  0.00121472 -0.00510443  0.48016972  0.01595327  0.47980898  0.01578372
-0.00000000  1.00000000  0.00000000  0.00000000 -0.02139536  0.12192767  0.03289003  0.01157813 -0.01793015 -0.01010643  0.02989782 -0.00150509  0.01704799 -0.00497591 -0.02981649 -0.00153518 -0.00751930 -0.01256223  0.00752408  0.00133874 -0.00856456  0.00396050 -0.00261214  0.00855854 -0.01131443  0.02181627  0.00213607 -0.00691651  0.01264508 -0.02304184  0.02106015 -0.03727890 -0.02307034  0.04566344 -0.00648346  0.02015520 -0.00128110  0.00530733 -0.30400503 -0.17149473  0.32794252  0.18506539
-0.00000000  0.00000000  1.00000000  0.00000000  0.23780498  0.03289003 -0.24067910 -0.12868856  0.02715085  0.02989782 -0.03563517  0.00227910  0.03198940 -0.02981649 -0.04503457 -0.00288067  0.00385035  0.00752408 -0.00172133 -0.00068552  0.05554037 -0.02568345  0.00573342 -0.01878521  0.01887921 -0.03640253  0.00620868 -0.02010349  0.02148749 -0.03915445  0.01740531 -0.03080942  0.00323541 -0.00640389  0.00290528 -0.00903166  0.00071581 -0.00296545 -0.21818804 -0.12308382 -0.16572392 -0.09352176
 0.00000000  0.00000000  0.00000000  1.00000000  0.08371344  0.01157813 -0.12868856  0.07958513 -0.00136681 -0.00150509  0.00227910  0.00952306  0.00164706 -0.00153518 -0.00288067  0.01076575  0.00068508  0.00133874 -0.00068552  0.00200950  0.06472460 -0.02993050  0.00050357 -0.00164993 -0.01057936  0.02039892  0.00093932 -0.00304149 -0.00960019  0.01749343  0.00571710 -0.01011992 -0.00192512  0.00381041  0.00309650 -0.00962612 -0.00003992  0.00016539  0.13330681  0.07520078  0.15041734  0.08488391
 0.23536002 -0.02139536  0.23780498  0.08371344  1.00000000 -0.00000000  0.00000000 -0.00000000  0.21873988  0.23167398 -0.12903976  0.10980518  0.22226188 -0.24084899 -0.14630853  0.07105273  0.02462944  0.04302495  0.00009786  0.00405616  0.45000935 -0.01270271  0.08148527 -0.11147047  0.07903077 -0.11034345  0.07967870 -0.11064752  0.07790851 -0.10980544  0.07881787 -0.11024250  0.01955966 -0.05126053  0.02430135 -0.05946307  0.00524694 -0.01827223  0.09973580 -0.11793209  0.10014051 -0.11804079
 0.02624063  0.12192767  0.03289003  0.01157813 -0.00000000  1.00000000 -0.00000000  0.00000000 -0.23167398 -0.14882687  0.15826725 -0.13467604  0.24084899 -0.16475834 -0.18382822  0.08927366 -0.04302495 -0.06691854 -0.00018034 -0.00747459 -0.03378959 -0.01743832 -0.06458247  0.03020523 -0.05599264  0.02770563  0.05946902 -0.02899425  0.06715350 -0.03408389  0.10410769 -0.05176326 -0.02702353  0.04910820 -0.03456164  0.05580797 -0.00870963  0.02498684 -0.04157710  0.01222061  0.06149413 -0.01786690
-0.29165922  0.03289003 -0.24067910 -0.12868856  0.00000000 -0.00000000  1.00000000 -0.00000000  0.12903976  0.15826725  0.04716820  0.07501301  0.14630853 -0.18382822  0.02618437  0.05423107 -0.00009786 -0.00018034  0.01236638 -0.00001700 -0.00854678 -0.00441087  0.08637096 -0.04039571  0.03680181 -0.01820984  0.08800750 -0.04290825  0.03854437 -0.01956327  0.01467721 -0.00729764 -0.01019641  0.01852931 -0.00170131  0.00274717  0.00151806 -0.00435513 -0.12260807  0.03603777 -0.11464641  0.03331011
-0.10267151  0.01157813 -0.12868856  0.07958513 -0.00000000  0.00000000 -0.00000000  1.00000000 -0.10980518 -0.13467604  0.07501301  0.07148963 -0.07105273  0.08927366  0.05423107  0.11151792 -0.00405616 -0.00747459 -0.00001700  0.01166213  0.43457391  0.22427730 -0.01064579  0.00497904 -0.08141565  0.04028514 -0.00018589  0.00009063 -0.06958010  0.03531552  0.00325623 -0.00161903 -0.00734776  0.01335264  0.01097125 -0.01771568 -0.00152242  0.00436764 -0.00900626  0.00264718 -0.00622774  0.00180945
 0.02632619 -0.01793015  0.02715085 -0.00136681  0.21873988 -0.23167398  0.12903976 -0.10980518  1.00000000  0.00000000 -0.00000000 -0.00000000  0.02735380 -0.04732972 -0.00147823 -0.00404766  0.22414067  0.25143566  0.13380202 -0.06674739  0.08121747 -0.11135076  0.44970429 -0.01284532  0.44957397 -0.01290625  0.02578708 -0.06183614  0.02407031 -0.05908607  0.00547556 -0.01894318  0.07845226 -0.11006792  0.07964662 -0.11063258  0.08162354 -0.11153197  0.02743417 -0.06436751  0.00711503 -0.02356583
 0.02579693 -0.01010643  0.02989782 -0.00150509  0.23167398 -0.14882687  0.15826725 -0.13467604  0.00000000  1.00000000 -0.00000000  0.00000000  0.04732972 -0.07281209 -0.00270556 -0.00740832 -0.25143566 -0.18804473 -0.17414924  0.08687468  0.05778346 -0.02719338 -0.01830963 -0.00944952  0.03382623  0.01745770  0.03412902 -0.05318784  0.03415494 -0.05545970  0.00910263 -0.02585266 -0.06643170  0.03330550 -0.06906408  0.03369704 -0.10842049  0.05054600  0.00868935 -0.01302832  0.00777607 -0.02065111
-0.03906317  0.02989782 -0.03563517  0.00227910 -0.12903976  0.15826725  0.04716820  0.07501301 -0.00000000 -0.00000000  1.00000000 -0.00000000  0.00147823 -0.00270556  0.01372959 -0.00023138 -0.13380202 -0.17414924  0.04653600  0.04623055 -0.03562713  0.01676642  0.40900778  0.21108703  0.02715627  0.01401533  0.01539648 -0.02399440  0.00151487 -0.00245980 -0.00103800  0.00294806 -0.08076660  0.04049229 -0.04017207  0.01960035 -0.00497872  0.00232110 -0.03902479  0.05851153 -0.00878090  0.02331967
 0.00196649 -0.00150509  0.00227910  0.00952306  0.10980518 -0.13467604  0.07501301  0.07148963 -0.00000000  0.00000000 -0.00000000  1.00000000  0.00404766 -0.00740832 -0.00023138  0.01318052  0.06674739  0.08687468  0.04623055  0.11614770  0.08406504 -0.03956170  0.14929697  0.07705148 -0.43354745 -0.22375358  0.00811716 -0.01265006 -0.01123586  0.01824442  0.00175699 -0.00499008 -0.00601653  0.00301638  0.06992952 -0.03411930 -0.00028665  0.00013364  0.00662775 -0.00993727  0.00172770 -0.00458830
 0.02941558  0.01704799  0.03198940  0.00164706  0.22226188  0.24084899  0.14630853 -0.07105273  0.02735380  0.04732972  0.00147823  0.00404766  1.00000000  0.00000000 -0.00000000  0.00000000  0.00069775  0.00157262  0.00031939 -0.00005489  0.08353909 -0.11236264  0.02727394 -0.06412568  0.02607835 -0.06229124  0.45080301 -0.01233178  0.45050126 -0.01247279  0.45059044 -0.01243111  0.00077085 -0.00327158  0.00095059 -0.00397485  0.00027102 -0.00122100  0.00774671 -0.02526623  0.03514235 -0.07498176
-0.02433557 -0.00497591 -0.02981649 -0.00153518 -0.24084899 -0.16475834 -0.18382822  0.08927366 -0.04732972 -0.07281209 -0.00270556 -0.00740832  0.00000000  1.00000000 -0.00000000  0.00000000 -0.00157262 -0.00322633 -0.00072046  0.00012381 -0.06979779  0.03111487 -0.03770705  0.05674711 -0.03406340  0.05272129 -0.02020103 -0.01042487  0.05660888  0.02921404  0.35379760  0.18258249 -0.00138841  0.00534275 -0.00173223  0.00652352 -0.00057665  0.00241855 -0.00740740  0.01920650 -0.00586323  0.00739092
-0.04566407 -0.02981649 -0.04503457 -0.00288067 -0.14630853 -0.18382822  0.02618437  0.05423107 -0.00147823 -0.00270556  0.01372959 -0.00023138 -0.00000000 -0.00000000  1.00000000 -0.00000000 -0.00031939 -0.00072046  0.00017469  0.00002515 -0.04084364  0.01820752  0.01405282 -0.02114875 -0.00013925  0.00021552  0.41031599  0.21174627  0.01560526  0.00805338 -0.18536048 -0.09565802 -0.00062791  0.00241629 -0.00039771  0.00149777 -0.00002193  0.00009196 -0.01041829  0.02701338 -0.05010555  0.06316082
-0.00235114 -0.00153518 -0.00288067  0.01076575  0.07105273  0.08927366  0.05423107  0.11151792 -0.00404766 -0.00740832 -0.00023138  0.01318052  0.00000000  0.00000000 -0.00000000  1.00000000  0.00005489  0.00012381  0.00002515  0.00031669  0.07575803 -0.03377186  0.00238521 -0.00358962 -0.01837494  0.02843963  0.14734400  0.07603784 -0.43228960 -0.22309089  0.17560466  0.09062339 -0.00012123  0.00046650  0.00053732 -0.00202355 -0.00002722  0.00011416  0.00089202 -0.00231289  0.00537771 -0.00677891
 0.00670128 -0.00751930  0.00385035  0.00068508  0.02462944 -0.04302495 -0.00009786 -0.00405616  0.22414067 -0.25143566 -0.13380202  0.06674739  0.00069775 -0.00157262 -0.00031939  0.00005489  1.00000000 -0.00000000  0.00000000 -0.00000000  0.02352296 -0.05818417  0.08444356 -0.11274125  0.08354836 -0.11236656  0.00099725 -0.00415514  0.00090257 -0.00378840  0.00023355 -0.00105950  0.45157680 -0.01197028  0.45122779 -0.01213331  0.45108806 -0.01219859  0.02864466 -0.06616453  0.00179250 -0.00710778
 0.01191120 -0.01256223  0.00752408  0.00133874  0.04302495 -0.06691854 -0.00018034 -0.00747459  0.25143566 -0.18804473 -0.17414924  0.08687468  0.00157262 -0.00322633 -0.00072046  0.00012381 -0.00000000  1.00000000  0.00000000 -0.00000000  0.03099723 -0.05100504  0.06606059 -0.02882539  0.07203819 -0.03210660  0.00174763 -0.00654748  0.00165945 -0.00628393  0.00050065 -0.00212078 -0.02915167 -0.01504296 -0.04113009 -0.02122474 -0.33756069 -0.17419653  0.02951039 -0.04302471  0.00297255 -0.01035857
-0.00609927  0.00752408 -0.00172133 -0.00068552  0.00009786 -0.00018034  0.01236638 -0.00001700  0.13380202 -0.17414924  0.04653600  0.04623055  0.00031939 -0.00072046  0.00017469  0.00002515  0.00000000  0.00000000  1.00000000 -0.00000000 -0.00019743  0.00032486  0.09028752 -0.03939676  0.03952648 -0.01761650  0.00083764 -0.00313821  0.00034136 -0.00129263  0.00003294 -0.00013956 -0.39290862 -0.20275024 -0.04978696 -0.02569202  0.23838604  0.12301794 -0.03005105  0.04381296 -0.00151735  0.00528757
-0.00108523  0.00133874 -0.00068552  0.00200950  0.00405616 -0.00747459 -0.00001700  0.01166213 -0.06674739  0.08687468  0.04623055  0.11614770 -0.00005489  0.00012381  0.00002515  0.00031669 -0.00000000 -0.00000000 -0.00000000  1.00000000  0.01676994 -0.02759445  0.00147987 -0.00064574 -0.07436267  0.03314259  0.00010980 -0.00041138 -0.00051105  0.00193521  0.00003275 -0.00013874 -0.18880699 -0.09742892  0.43188588  0.22287004 -0.14088623 -0.07270364  0.00153161 -0.00223301  0.00012057 -0.00042015
 0.08488870 -0.00856456  0.05554037  0.06472460  0.45000935 -0.03378959 -0.00854678  0.43457391  0.08121747  0.05778346 -0.03562713  0.08406504  0.08353909 -0.06979779 -0.04084364  0.07575803  0.02352296  0.03099723 -0.00019743  0.01676994  1.00000000  0.00000000  0.05951279 -0.09032172  0.02109188 -0.04535878  0.05898721 -0.08987867  0.02115702 -0.04546310  0.05967892 -0.09046098  0.01475605 -0.03453262  0.05059364 -0.08226730  0.00536057 -0.01515935  0.07493120 -0.10175624  0.07050541 -0.09876706
-0.11202550  0.00396050 -0.02568345 -0.02993050 -0.01270271 -0.01743832 -0.00441087  0.22427730 -0.11135076 -0.02719338  0.01676642 -0.03956170 -0.11236264  0.03111487  0.01820752 -0.03377186 -0.05818417 -0.05100504  0.00032486 -0.02759445  0.00000000  1.00000000 -0.09032172  0.02883901 -0.04535878  0.03703078 -0.08987867  0.02897604 -0.04546310  0.03703217 -0.09046098  0.02879579 -0.03453262  0.03596646 -0.08226730  0.03120946 -0.01515935  0.02669826 -0.10175624  0.02509751 -0.09876706  0.02610707
 0.00551913 -0.00261214  0.00573342  0.00050357  0.08148527 -0.06458247  0.08637096 -0.01064579  0.44970429 -0.01830963  0.40900778  0.14929697  0.02727394 -0.03770705  0.01405282  0.00238521  0.08444356  0.06606059  0.09028752  0.00147987  0.05951279 -0.09032172  1.00000000  0.00000000  0.18716017 -0.12745073  0.05700462 -0.08817295  0.01981481 -0.04328674  0.00575800 -0.01609545  0.02149581 -0.04600359  0.05522531 -0.08659479  0.06617862 -0.09562366  0.00603189 -0.01673247  0.00219367 -0.00705974
-0.01954530  0.00855854 -0.01878521 -0.00164993 -0.11147047  0.03020523 -0.04039571  0.00497904 -0.01284532 -0.00944952  0.21108703  0.07705148 -0.06412568  0.05674711 -0.02114875 -0.00358962 -0.11274125 -0.02882539 -0.03939676 -0.00064574 -0.09032172  0.02883901  0.00000000  1.00000000 -0.12745073  0.02699722 -0.08817295  0.02949680 -0.04328674  0.03697210 -0.01609545  0.02749669 -0.04600359  0.03703701 -0.08659479  0.02996865 -0.09562366  0.02714804 -0.01673247  0.02801167 -0.00705974  0.01705234
 0.02282666 -0.01131443  0.01887921 -0.01057936  0.07903077 -0.05599264  0.03680181 -0.08141565  0.44957397  0.03382623  0.02715627 -0.43354745  0.02607835 -0.03406340 -0.00013925 -0.01837494  0.08354836  0.07203819  0.03952648 -0.07436267  0.02109188 -0.04535878  0.18716017 -0.12745073  1.00000000  0.00000000  0.02067143 -0.04468226  0.05135045 -0.08299673  0.00531467 -0.01505031  0.06023228 -0.09092214  0.02141066 -0.04586806  0.05857577 -0.08952918  0.01855406 -0.04118948  0.00639462 -0.01756647
-0.05796139  0.02181627 -0.03640253  0.02039892 -0.11034345  0.02770563 -0.01820984  0.04028514 -0.01290625  0.01745770  0.01401533 -0.22375358 -0.06229124  0.05272129  0.00021552  0.02843963 -0.11236656 -0.03210660 -0.01761650  0.03314259 -0.04535878  0.03703078 -0.12745073  0.02699722  0.00000000  1.00000000 -0.04468226  0.03701821 -0.08299673  0.03100602 -0.01505031  0.02660190 -0.09092214  0.02865219 -0.04586806  0.03703616 -0.08952918  0.02908362 -0.04118948  0.03684889 -0.01756647  0.02865308
 0.00580465  0.00213607  0.00620868  0.00093932  0.07967870  0.05946902  0.08800750 -0.00018589  0.02578708  0.03412902  0.01539648  0.00811716  0.45080301 -0.02020103  0.41031599  0.14734400  0.00099725  0.00174763  0.00083764  0.00010980  0.05898721 -0.08987867  0.05700462 -0.08817295  0.02067143 -0.04468226  1.00000000  0.00000000  0.18395833 -0.12763315  0.18507253 -0.12757398  0.00052849 -0.00199576  0.00132531 -0.00453960  0.00052046 -0.00196828  0.00220713 -0.00709738  0.00741650 -0.01986106
-0.02039072 -0.00691651 -0.02010349 -0.00304149 -0.11064752 -0.02899425 -0.04290825  0.00009063 -0.06183614 -0.05318784 -0.02399440 -0.01265006 -0.01233178 -0.01042487  0.21174627  0.07603784 -0.00415514 -0.00654748 -0.00313821 -0.00041138 -0.08987867  0.02897604 -0.08817295  0.02949680 -0.04468226  0.03701821  0.00000000  1.00000000 -0.12763315  0.02618454 -0.12757398  0.02646301 -0.00199576  0.00666078 -0.00453960  0.01255226 -0.00196828  0.00658621 -0.00709738  0.01711229 -0.01986106  0.03024121
 0.02508658  0.01264508  0.02148749 -0.00960019  0.07790851  0.06715350  0.03854437 -0.06958010  0.02407031  0.03415494  0.00151487 -0.01123586  0.45050126  0.05660888  0.01560526 -0.43228960  0.00090257  0.00165945  0.00034136 -0.00051105  0.02115702 -0.04546310  0.01981481 -0.04328674  0.05135045 -0.08299673  0.18395833 -0.12763315  1.00000000  0.00000000  0.18353342 -0.12765449  0.00112405 -0.00392390  0.00057542 -0.00215523  0.00042542 -0.00163929  0.00645369 -0.01770128  0.02524742 -0.05176414
-0.06166698 -0.02304184 -0.03915445  0.01749343 -0.10980544 -0.03408389 -0.01956327  0.03531552 -0.05908607 -0.05545970 -0.00245980  0.01824442 -0.01247279  0.02921404  0.00805338 -0.22309089 -0.00378840 -0.00628393 -0.00129263  0.00193521 -0.04546310  0.03703217 -0.04328674  0.03697210 -0.08299673  0.03100602 -0.12763315  0.02618454  0.00000000  1.00000000 -0.12765449  0.02607957 -0.00392390  0.01127885 -0.00215523  0.00708766 -0.00163929  0.00566885 -0.01770128  0.02875340 -0.05176414  0.03686390
 0.02626809  0.02106015  0.01740531  0.00571710  0.07881787  0.10410769  0.01467721  0.00325623  0.00547556  0.00910263 -0.00103800  0.00175699  0.45059044  0.35379760 -0.18536048  0.17560466  0.00023355  0.00050065  0.00003294  0.00003275  0.05967892 -0.09046098  0.00575800 -0.01609545  0.00531467 -0.01505031  0.18507253 -0.12757398  0.18353342 -0.12765449  1.00000000  0.00000000  0.00031410 -0.00124290  0.00042326 -0.00163174  0.00006964 -0.00030610  0.00757041 -0.02020007  0.06622211 -0.09565638
-0.06351882 -0.03727890 -0.03080942 -0.01011992 -0.11024250 -0.05176326 -0.00729764 -0.00161903 -0.01894318 -0.02585266  0.00294806 -0.00499008 -0.01243111  0.18258249 -0.09565802  0.09062339 -0.00105950 -0.00212078 -0.00013956 -0.00013874 -0.09046098  0.02879579 -0.01609545  0.02749669 -0.01505031  0.02660190 -0.12757398  0.02646301 -0.12765449  0.02607957  0.00000000  1.00000000 -0.00124290  0.00449562 -0.00163174  0.00564723 -0.00030610  0.00129896 -0.02020007  0.03045546 -0.09565638  0.02713734
 0.02180114 -0.02307034  0.00323541 -0.00192512  0.01955966 -0.02702353 -0.01019641 -0.00734776  0.07845226 -0.06643170 -0.08076660 -0.00601653  0.00077085 -0.00138841 -0.00062791 -0.00012123  0.45157680 -0.02915167 -0.39290862 -0.18880699  0.01475605 -0.03453262  0.02149581 -0.04600359  0.06023228 -0.09092214  0.00052849 -0.00199576  0.00112405 -0.00392390  0.00031410 -0.00124290  1.00000000  0.00000000  0.18238172 -0.12770891  0.18574873 -0.12753582  0.08701889 -0.10885533  0.00578355 -0.01615514
-0.05620482  0.04566344 -0.00640389  0.00381041 -0.05126053  0.04910820  0.01852931  0.01335264 -0.11006792  0.03330550  0.04049229  0.00301638 -0.00327158  0.00534275  0.00241629  0.00046650 -0.01197028 -0.01504296 -0.20275024 -0.09742892 -0.03453262  0.03596646 -0.04600359  0.03703701 -0.09092214  0.02865219 -0.00199576  0.00666078 -0.00392390  0.01127885 -0.00124290  0.00449562  0.00000000  1.00000000 -0.12770891  0.02579850 -0.12753582  0.02663427 -0.10885533  0.02267251 -0.01615514  0.02754590
 0.00683265 -0.00648346  0.00290528  0.00309650  0.02430135 -0.03456164 -0.00170131  0.01097125  0.07964662 -0.06906408 -0.04017207  0.06992952  0.00095059 -0.00173223 -0.00039771  0.00053732  0.45122779 -0.04113009 -0.04978696  0.43188588  0.05059364 -0.08226730  0.05522531 -0.08659479  0.02141066 -0.04586806  0.00132531 -0.00453960  0.00057542 -0.00215523  0.00042326 -0.00163174  0.18238172 -0.12770891  1.00000000  0.00000000  0.18403183 -0.12762939  0.03084292 -0.05966210  0.00265579 -0.00833183
-0.02334810  0.02015520 -0.00903166 -0.00962612 -0.05946307  0.05580797  0.00274717 -0.01771568 -0.11063258  0.03369704  0.01960035 -0.03411930 -0.00397485  0.00652352  0.00149777 -0.00202355 -0.01213331 -0.02122474 -0.02569202  0.22287004 -0.08226730  0.03120946 -0.08659479  0.02996865 -0.04586806  0.03703616 -0.00453960  0.01255226 -0.00215523  0.00708766 -0.00163174  0.00564723 -0.12770891  0.02579850  0.00000000  1.00000000 -0.12762939  0.02620276 -0.05966210  0.03605772 -0.00833183  0.01897957
 0.00121472 -0.00128110  0.00071581 -0.00003992  0.00524694 -0.00870963  0.00151806 -0.00152242  0.08162354 -0.10842049 -0.00497872 -0.00028665  0.00027102 -0.00057665 -0.00002193 -0.00002722  0.45108806 -0.33756069  0.23838604 -0.14088623  0.00536057 -0.01515935  0.06617862 -0.09562366  0.05857577 -0.08952918  0.00052046 -0.00196828  0.00042542 -0.00163929  0.00006964 -0.00030610  0.18574873 -0.12753582  0.18403183 -0.12762939  1.00000000  0.00000000  0.00549698 -0.01548226  0.00032293 -0.00127487
-0.00510443  0.00530733 -0.00296545  0.00016539 -0.01827223  0.02498684 -0.00435513  0.00436764 -0.11153197  0.05054600  0.00232110  0.00013364 -0.00122100  0.00241855  0.00009196  0.00011416 -0.01219859 -0.17419653  0.12301794 -0.07270364 -0.01515935  0.02669826 -0.09562366  0.02714804 -0.08952918  0.02908362 -0.00196828  0.00658621 -0.00163929  0.00566885 -0.00030610  0.00129896 -0.12753582  0.02663427 -0.12762939  0.02620276  0.00000000  1.00000000 -0.01548226  0.02697945 -0.00127487  0.00459333
 0.48016972 -0.30400503 -0.21818804  0.13330681  0.09973580 -0.04157710 -0.12260807 -0.00900626  0.02743417  0.00868935 -0.03902479  0.00662775  0.00774671 -0.00740740 -0.01041829  0.00089202  0.02864466  0.02951039 -0.03005105  0.00153161  0.07493120 -0.10175624  0.00603189 -0.01673247  0.01855406 -0.04118948  0.00220713 -0.00709738  0.00645369 -0.01770128  0.00757041 -0.02020007  0.08701889 -0.10885533  0.03084292 -0.05966210  0.00549698 -0.01548226  1.00000000  0.00000000  0.22664486 -0.12237110
 0.01595327 -0.17149473 -0.12308382  0.07520078 -0.11793209  0.01222061  0.03603777  0.00264718 -0.06436751 -0.01302832  0.05851153 -0.00993727 -0.02526623  0.01920650  0.02701338 -0.00231289 -0.06616453 -0.04302471  0.04381296 -0.00223301 -0.10175624  0.02509751 -0.01673247  0.02801167 -0.04118948  0.03684889 -0.00709738  0.01711229 -0.01770128  0.02875340 -0.02020007  0.03045546 -0.10885533  0.02267251 -0.05966210  0.03605772 -0.01548226  0.02697945  0.00000000  1.00000000 -0.12237110  0.03975832
 0.47980898  0.32794252 -0.16572392  0.15041734  0.10014051  0.06149413 -0.11464641 -0.00622774  0.00711503  0.00777607 -0.00878090  0.00172770  0.03514235 -0.00586323 -0.05010555  0.00537771  0.00179250  0.00297255 -0.00151735  0.00012057  0.07050541 -0.09876706  0.00219367 -0.00705974  0.00639462 -0.01756647  0.00741650 -0.01986106  0.02524742 -0.05176414  0.06622211 -0.09565638  0.00578355 -0.01615514  0.00265579 -0.00833183  0.00032293 -0.00127487  0.22664486 -0.12237110  1.00000000  0.00000000
 0.01578372  0.18506539 -0.09352176  0.08488391 -0.11804079 -0.01786690  0.03331011  0.00180945 -0.02356583 -0.02065111  0.02331967 -0.00458830 -0.07498176  0.00739092  0.06316082 -0.00677891 -0.00710778 -0.01035857  0.00528757 -0.00042015 -0.09876706  0.02610707 -0.00705974  0.01705234 -0.01756647  0.02865308 -0.01986106  0.03024121 -0.05176414  0.03686390 -0.09565638  0.02713734 -0.01615514  0.02754590 -0.00833183  0.01897957 -0.00127487  0.00459333 -0.12237110  0.03975832  0.00000000  1.00000000

S^(-1/2)
 1.31274031  0.00054346 -0.03961390  0.10281248 -0.13431064 -0.01563332  0.17624508  0.06142425 -0.00360813 -0.00634469 -0.00085392 -0.00255433 -0.00363869  0.00476640 -0.00015350 -0.00111895 -0.00031668  0.00217105  0.00028144  0.00231864 -0.01523291  0.02875096  0.00033196  0.00314558 -0.00394267  0.01812986  0.00123229  0.00294993 -0.00390873  0.01817870  0.00308832  0.00920284  0.00419104  0.00563493  0.00232041 -0.00224616  0.00146513  0.00015898 -0.30958537 -0.07029746 -0.30835790 -0.07065153
 0.00054346  1.14548336  0.00300699  0.00428853  0.01323434 -0.06064587 -0.01985822 -0.00666605 -0.00332622 -0.00160270 -0.00588270 -0.00678003  0.00277407 -0.00548494  0.00865486  0.00706080  0.00047167  0.00151069 -0.00221288 -0.00027656  0.00093864 -0.00249992  0.00157410 -0.00054925  0.00212291 -0.00879328 -0.00116248 -0.00022528 -0.00271304  0.00947540 -0.00211506  0.00831780  0.00370786 -0.00946275 -0.00037588 -0.00138269 -0.00091403 -0.00022727  0.21641516  0.09007752 -0.23466015 -0.09670468
-0.03961390  0.00300699  1.11926839 -0.01863000 -0.13713555 -0.01938720  0.15772043  0.07600753 -0.00088269 -0.00476750 -0.00077653 -0.00306679 -0.00142749  0.00312576  0.00293051 -0.00115555  0.00106923 -0.00041046  0.00095374 -0.00035912 -0.01089717  0.01588164 -0.00058837  0.00318228 -0.00153039  0.01046402  0.00001770  0.00289705 -0.00144174  0.01233145 -0.00120115  0.01232774 -0.00261212  0.00682496  0.00189821  0.00389881  0.00142696 -0.00032406  0.16245835  0.06760003  0.12471105  0.05214475
 0.10281248  0.00428853 -0.01863000  1.04519432 -0.05574951 -0.00715809  0.07883104 -0.03901549 -0.00478400 -0.00562377 -0.00408798 -0.00388104 -0.00266550  0.00577563 -0.00407583 -0.00162524 -0.00189754 -0.00058295 -0.00069087  0.00080415 -0.00631425  0.01831107  0.00010519  0.00091118  0.00239207 -0.01154426 -0.00019168  0.00109586  0.00252972 -0.01099995 -0.00279951 -0.00204635  0.00178946 -0.00764727 -0.00112874  0.00099503 -0.00119623  0.00032504 -0.09229265 -0.05881968 -0.10402835 -0.06392116
-0.13431064  0.01323434 -0.13713555 -0.05574951  1.29295585  0.00186760  0.00102437  0.03987672 -0.12007431 -0.13590622  0.07317924 -0.06295974 -0.12497192  0.13870852  0.08521369 -0.04212170 -0.00296124 -0.00108216 -0.00433764  0.00325772 -0.27768999 -0.05521142 -0.01030161  0.03329933 -0.01022512  0.03525490 -0.00796957  0.03180215 -0.00798631  0.03380748 -0.00816172  0.03195950  0.00308003  0.00996704  0.00167897  0.00832822  0.00236556  0.00222707 -0.01023346  0.03795754 -0.00824877  0.03697021
-0.01563332 -0.06064587 -0.01938720 -0.00715809  0.00186760  1.13500311 -0.00116447 -0.00427740  0.13566475  0.10564566 -0.09649178  0.08441753 -0.14312326  0.11422316  0.11461680 -0.05702123  0.00258986  0.00832672 -0.00241584  0.00139885  0.02511354  0.00938225  0.01613708 -0.01420743  0.01589335 -0.01056265 -0.01439643  0.01172700 -0.01468318  0.01325243 -0.01455313  0.02757429  0.00092400 -0.01464890  0.00607778 -0.01878029  0.00007664 -0.00285623  0.00975807 -0.00895334 -0.01165542  0.01186068
 0.17624508 -0.01985822  0.15772043  0.07883104  0.00102437 -0.00116447  1.13618735 -0.00122872 -0.07635806 -0.09763441 -0.01833434 -0.04848967 -0.08605603  0.11385448 -0.00569954 -0.03506099 -0.00501797 -0.00043260 -0.00816248  0.00762599  0.00752316  0.00261978 -0.00920839  0.02425505 -0.00607216  0.00604681 -0.00907879  0.02518094 -0.00775685  0.00649540 -0.00860550 -0.00064868 -0.00057395 -0.00588532 -0.00003717 -0.00317543  0.00139370  0.00131485  0.02126846 -0.02306624  0.02014053 -0.02131496
 0.06142425 -0.00666605  0.07600753 -0.03901549  0.03987672 -0.00427740 -0.00122872  1.17961010  0.06258029  0.08383885 -0.04703955 -0.03652878  0.03999653 -0.05436253 -0.03388486 -0.06148871  0.00292392 -0.00109874  0.00777418 -0.00182063 -0.31661898 -0.12884588  0.00168581 -0.00059426  0.00761301 -0.02450746 -0.00009748  0.00194406  0.00386218 -0.02247558  0.00050936  0.00256895  0.00004183 -0.00159219 -0.00458994  0.00244453 -0.00128798 -0.00089434 -0.00137960 -0.00413533 -0.00327050 -0.00274241
-0.00360813 -0.00332622 -0.00088269 -0.00478400 -0.12007431  0.13566475 -0.07635806  0.06258029  1.33021776 -0.00441233  0.04338301 -0.02637941 -0.00435958  0.00293995  0.00437677 -0.00182890 -0.12695761 -0.14598452 -0.07842534  0.03927946 -0.01365910  0.03383249 -0.27847356 -0.06199076 -0.27946817 -0.06116452  0.00043028  0.00853848 -0.00085661  0.00859614  0.00039013  0.00272755 -0.01029269  0.03243473 -0.00913151  0.03251528 -0.01043728  0.02976111  0.00304996  0.01415390  0.00017424  0.00291432
-0.00634469 -0.00160270 -0.00476750 -0.00562377 -0.13590622  0.10564566 -0.09763441  0.08383885 -0.00441233  1.13339911  0.00012990 -0.00338417 -0.00353386  0.01169847 -0.00306086  0.00361124  0.14967356  0.12861270  0.11075584 -0.05530496 -0.01667505  0.01189560  0.01239977  0.00531672 -0.02560125 -0.00870749 -0.00539049  0.01953700 -0.00557386  0.01975117 -0.00075851  0.00288506  0.01469446 -0.01306508  0.01563302 -0.01402143  0.01697160 -0.02938685 -0.00244588  0.00473129 -0.00145032  0.00361441
-0.00085392 -0.00588270 -0.00077653 -0.00408798  0.07317924 -0.09649178 -0.01833434 -0.04703955  0.04338301  0.00012990  1.16656479  0.00987565  0.00386858  0.00357278 -0.00958310  0.00813297  0.07721603  0.10741468 -0.02001611 -0.02960721  0.00567653 -0.00921409 -0.29881825 -0.11945173 -0.02452532 -0.01295556 -0.00466018  0.00532500 -0.00083296  0.00294389 -0.00116417 -0.00164069  0.00748265 -0.02524059  0.00400455 -0.00993883  0.00286076  0.00156162  0.00398174 -0.01917466  0.00045892 -0.00364029
-0.00255433 -0.00678003 -0.00306679 -0.00388104 -0.06295974  0.08441753 -0.04848967 -0.03652878 -0.02637941 -0.00338417  0.00987565  1.17732702 -0.00229261 -0.00191293  0.00736931 -0.00230423 -0.03781121 -0.05296139 -0.02987403 -0.06457692 -0.01004509  0.02514375 -0.10298167 -0.03870568  0.31471766  0.12442767 -0.00030864  0.00044977  0.00364677 -0.00274195  0.00138037  0.00096956 -0.00132921 -0.00380103 -0.00511252  0.02278627 -0.00014562 -0.00212578  0.00241458 -0.00011886  0.00078183 -0.00018591
-0.00363869  0.00277407 -0.00142749 -0.00266550 -0.12497192 -0.14312326 -0.08605603  0.03999653 -0.00435958 -0.00353386  0.00386858 -0.00229261  1.36715708  0.03917424  0.02490023 -0.00920746  0.00061524 -0.00050470  0.00128966 -0.00073790 -0.01659550  0.03276161 -0.00037516  0.00994580 -0.00188868  0.01008599 -0.28264126 -0.06747953 -0.28328663 -0.06654431 -0.28223203 -0.06720799  0.00063684  0.00104285  0.00144820  0.00107519  0.00046154 -0.00032752 -0.00023266  0.00357198 -0.00154816  0.01331725
 0.00476640 -0.00548494  0.00312576  0.00577563  0.13870852  0.11422316  0.11385448 -0.05436253  0.00293995  0.01169847  0.00357278 -0.00191293  0.03917424  1.15420927 -0.01517135  0.00646063  0.00015063  0.00154320 -0.00113890  0.00073324  0.01498833 -0.01734008  0.00620849 -0.02066180  0.00592212 -0.02046821  0.00865064  0.00252453 -0.04602196 -0.01901098 -0.26045275 -0.10056668 -0.00103051 -0.00079985 -0.00134113 -0.00091315 -0.00165840  0.00101349  0.00090625 -0.00298574 -0.00141060 -0.00577080
-0.00015350  0.00865486  0.00293051 -0.00407583  0.08521369  0.11461680 -0.00569954 -0.03388486  0.00437677 -0.00306086 -0.00958310  0.00736931  0.02490023 -0.01517135  1.16834823  0.00378301 -0.00094748 -0.00051052 -0.00074250  0.00049858  0.00845656 -0.00993078 -0.00438637  0.00455424 -0.00055920  0.00236348 -0.29886645 -0.11493065 -0.01362470 -0.00703594  0.12968329  0.04879061 -0.00025614 -0.00068780  0.00002225 -0.00094025  0.00051681 -0.00026361  0.00032549 -0.00444962  0.01345570 -0.02265212
-0.00111895  0.00706080 -0.00115555 -0.00162524 -0.04212170 -0.05702123 -0.03506099 -0.06148871 -0.00182890  0.00361124  0.00813297 -0.00230423 -0.00920746  0.00646063  0.00378301  1.17698990  0.00079483  0.00099665  0.00047109  0.00007953 -0.01082096  0.02410378  0.00047170 -0.00302797  0.00525701 -0.00700807 -0.10475452 -0.03910399  0.31320877  0.11951448 -0.12501148 -0.04701350 -0.00045970  0.00047496  0.00138232 -0.00028342 -0.00057287  0.00027574  0.00124667 -0.00017110  0.00172039 -0.00182096
-0.00031668  0.00047167  0.00106923 -0.00189754 -0.00296124  0.00258986 -0.00501797  0.00292392 -0.12695761  0.14967356  0.07721603 -0.03781121  0.00061524  0.00015063 -0.00094748  0.00079483  1.37075830 -0.04026126 -0.01749962  0.00848025 -0.00034150  0.00871061 -0.01401329  0.03215083 -0.01431827  0.03213065  0.00183414  0.00084031  0.00151308  0.00086147  0.00000248 -0.00022621 -0.28344585 -0.06748456 -0.28301111 -0.06733117 -0.28177074 -0.06850343  0.00076414  0.00642619  0.00074479  0.00014856
 0.00217105  0.00151069 -0.00041046 -0.00058295 -0.00108216  0.00832672 -0.00043260 -0.00109874 -0.14598452  0.12861270  0.10741468 -0.05296139 -0.00050470  0.00154320 -0.00051052  0.00099665 -0.04026126  1.15116568 -0.01203463  0.00739745 -0.00490590  0.01829321 -0.01382125  0.01581280 -0.01459820  0.01767082  0.00133107  0.00102351  0.00082700  0.00113746  0.00046133 -0.00050054  0.02779859  0.01111561  0.03574400  0.01430753  0.24957776  0.09558457 -0.01185913  0.01692943  0.00295306  0.00059241
 0.00028144 -0.00221288  0.00095374 -0.00069087 -0.00433764 -0.00241584 -0.00816248  0.00777418 -0.07842534  0.11075584 -0.02001611 -0.02987403  0.00128966 -0.00113890 -0.00074250  0.00047109 -0.01749962 -0.01203463  1.17289716  0.00384923  0.00101927 -0.00265164 -0.01297040  0.02613348 -0.00673697  0.00931666  0.00163314 -0.00002858  0.00039097  0.00045857 -0.00034589  0.00014517  0.28605267  0.10975452  0.03864123  0.01557138 -0.16848073 -0.06383526  0.00981725 -0.00991202 -0.00111585 -0.00080113
 0.00231864 -0.00027656 -0.00035912  0.00080415  0.00325772  0.00139885  0.00762599 -0.00182063  0.03927946 -0.05530496 -0.02960721 -0.06457692 -0.00073790  0.00073324  0.00049858  0.00007953  0.00848025  0.00739745  0.00384923  1.17846627 -0.00404406  0.00531798 -0.00079693  0.00303459  0.01027003 -0.02373488  0.00056694 -0.00046060 -0.00148687  0.00033561  0.00030882 -0.00017993  0.13557230  0.05047729 -0.31313941 -0.11938078  0.09994904  0.03797712 -0.00644739  0.00455798  0.00105893  0.00017636
-0.01523291  0.00093864 -0.01089717 -0.00631425 -0.27768999  0.02511354  0.00752316 -0.31661898 -0.01365910 -0.01667505  0.00567653 -0.01004509 -0.01659550  0.01498833  0.00845656 -0.01082096 -0.00034150 -0.00490590  0.00101927 -0.00404406  1.23117313  0.03992718 -0.01131816  0.03098659 -0.00319775  0.00637452 -0.00974528  0.03113574 -0.00042558  0.00562186 -0.00991444  0.03141419  0.00502978  0.00610453 -0.01830359  0.03382676  0.00464154  0.00014003 -0.01491396  0.03671960 -0.01170235  0.03480566
 0.02875096 -0.00249992  0.01588164  0.01831107 -0.05521142  0.00938225  0.00261978 -0.12884588  0.03383249  0.01189560 -0.00921409  0.02514375  0.03276161 -0.01734008 -0.00993078  0.02410378  0.00871061  0.01829321 -0.00265164  0.00531798  0.03992718  1.04859516  0.03095884 -0.00626653  0.00653590 -0.00266357  0.03028180 -0.00733642  0.00576085 -0.00212787  0.03048333 -0.00720761  0.00426508 -0.00671799  0.03455521 -0.01010035  0.00100418 -0.00184242  0.03634836 -0.00407063  0.03496080 -0.00497407
 0.00033196  0.00157410 -0.00058837  0.00010519 -0.01030161  0.01613708 -0.00920839  0.00168581 -0.27847356  0.01239977 -0.29881825 -0.10298167 -0.00037516  0.00620849 -0.00438637  0.00047170 -0.01401329 -0.01382125 -0.01297040 -0.00079693 -0.01131816  0.03095884  1.23504122  0.03928513 -0.04664282  0.06290835 -0.02125673  0.03692873  0.00449320  0.00924714  0.00453634  0.00006099  0.00168543  0.00553102 -0.00723352  0.02904106 -0.01240543  0.03418219  0.00200019  0.00208871  0.00134350 -0.00058720
 0.00314558 -0.00054925  0.00318228  0.00091118  0.03329933 -0.01420743  0.02425505 -0.00059426 -0.06199076  0.00531672 -0.11945173 -0.03870568  0.00994580 -0.02066180  0.00455424 -0.00302797  0.03215083  0.01581280  0.02613348  0.00303459  0.03098659 -0.00626653  0.03928513  1.04619225  0.06312154 -0.00078424  0.03679013 -0.00983553  0.00913768 -0.00891575  0.00129590 -0.00160276  0.00542956 -0.00239180  0.02801118 -0.00736450  0.03445587 -0.00816692  0.00034009 -0.00155875 -0.00064033 -0.00042121
-0.00394267  0.00212291 -0.00153039  0.00239207 -0.01022512  0.01589335 -0.00607216  0.00761301 -0.27946817 -0.02560125 -0.02452532  0.31471766 -0.00188868  0.00592212 -0.00055920  0.00525701 -0.01431827 -0.01459820 -0.00673697  0.01027003 -0.00319775  0.00653590 -0.04664282  0.06312154  1.23307017  0.03998584  0.00434839  0.00990446 -0.01937290  0.03482754  0.00330771  0.00024223 -0.01165804  0.03240833  0.00143011  0.00560840 -0.00761883  0.03032249  0.00060812  0.00990860  0.00099800  0.00228059
 0.01812986 -0.00879328  0.01046402 -0.01154426  0.03525490 -0.01056265  0.00604681 -0.02450746 -0.06116452 -0.00870749 -0.01295556  0.12442767  0.01008599 -0.02046821  0.00236348 -0.00700807  0.03213065  0.01767082  0.00931666 -0.02373488  0.00637452 -0.00266357  0.06290835 -0.00078424  0.03998584  1.04577808  0.00975457 -0.00906592  0.03430047 -0.01074219  0.00139848 -0.00154907  0.03031386 -0.00750046  0.00517271 -0.00200416  0.03059774 -0.00814951  0.00842966 -0.00931102  0.00167789 -0.00526317
 0.00123229 -0.00116248  0.00001770 -0.00019168 -0.00796957 -0.01439643 -0.00907879 -0.00009748  0.00043028 -0.00539049 -0.00466018 -0.00030864 -0.28264126  0.00865064 -0.29886645 -0.10475452  0.00183414  0.00133107  0.00163314  0.00056694 -0.00974528  0.03028180 -0.02125673  0.03679013  0.00434839  0.00975457  1.23980023  0.03993517 -0.04143408  0.06149863 -0.04132738  0.06232215  0.00073055 -0.00047507  0.00306248 -0.00106465  0.00247853 -0.00126252  0.00126673 -0.00065765  0.00447961  0.00153082
 0.00294993 -0.00022528  0.00289705  0.00109586  0.03180215  0.01172700  0.02518094  0.00194406  0.00853848  0.01953700  0.00532500  0.00044977 -0.06747953  0.00252453 -0.11493065 -0.03910399  0.00084031  0.00102351 -0.00002858 -0.00046060  0.03113574 -0.00733642  0.03692873 -0.00983553  0.00990446 -0.00906592  0.03993517  1.04269049  0.06153055 -0.00220227  0.06231881 -0.00350912 -0.00056923  0.00013564 -0.00098243 -0.00060223 -0.00140940  0.00072837 -0.00065885 -0.00049025  0.00004166 -0.00182077
-0.00390873 -0.00271304 -0.00144174  0.00252972 -0.00798631 -0.01468318 -0.00775685  0.00386218 -0.00085661 -0.00557386 -0.00083296  0.00364677 -0.28328663 -0.04602196 -0.01362470  0.31320877  0.00151308  0.00082700  0.00039097 -0.00148687 -0.00042558  0.00576085  0.00449320  0.00913768 -0.01937290  0.03430047 -0.04143408  0.06153055  1.23779083  0.04045598 -0.04148268  0.06202624  0.00173942 -0.00058098  0.00084413 -0.00033120  0.00199961 -0.00105445  0.00096819  0.00208108  0.00018458  0.01370872
 0.01817870  0.00947540  0.01233145 -0.01099995  0.03380748  0.01325243  0.00649540 -0.02247558  0.00859614  0.01975117  0.00294389 -0.00274195 -0.06654431 -0.01901098 -0.00703594  0.11951448  0.00086147  0.00113746  0.00045857  0.00033561  0.00562186 -0.00212787  0.00924714 -0.00891575  0.03482754 -0.01074219  0.06149863 -0.00220227  0.04045598  1.04265285  0.06132748 -0.00267485 -0.00074898 -0.00077310 -0.00066020  0.00001449 -0.00132430  0.00081695  0.00159962 -0.00500806  0.01458891 -0.01086708
 0.00308832 -0.00211506 -0.00120115 -0.00279951 -0.00816172 -0.01455313 -0.00860550  0.00050936  0.00039013 -0.00075851 -0.00116417  0.00138037 -0.28223203 -0.26045275  0.12968329 -0.12501148  0.00000248  0.00046133 -0.00034589  0.00030882 -0.00991444  0.03048333  0.00453634  0.00129590  0.00330771  0.00139848 -0.04132738  0.06231881 -0.04148268  0.06132748  1.23983170  0.03980494  0.00014956 -0.00051628  0.00167625 -0.00089103 -0.00005815  0.00002998  0.00623475  0.00098966 -0.02624687  0.03838876
 0.00920284  0.00831780  0.01232774 -0.00204635  0.03195950  0.02757429 -0.00064868  0.00256895  0.00272755  0.00288506 -0.00164069  0.00096956 -0.06720799 -0.10056668  0.04879061 -0.04701350 -0.00022621 -0.00050054  0.00014517 -0.00017993  0.03141419 -0.00720761  0.00006099 -0.00160276  0.00024223 -0.00154907  0.06232215 -0.00350912  0.06202624 -0.00267485  0.03980494  1.04254041 -0.00028266  0.00008520 -0.00101754  0.00050655  0.00001103 -0.00001049  0.00003352 -0.00406353  0.04250358 -0.00838314
 0.00419104  0.00370786 -0.00261212  0.00178946  0.00308003  0.00092400 -0.00057395  0.00004183 -0.01029269  0.01469446  0.00748265 -0.00132921  0.00063684 -0.00103051 -0.00025614 -0.00045970 -0.28344585  0.02779859  0.28605267  0.13557230  0.00502978  0.00426508  0.00168543  0.00542956 -0.01165804  0.03031386  0.00073055 -0.00056923  0.00173942 -0.00074898  0.00014956 -0.00028266  1.24386845  0.03829881 -0.04061279  0.05967685 -0.04145404  0.06218440 -0.04367361  0.04761929  0.00622304  0.00040458
 0.00563493 -0.00946275  0.00682496 -0.00764727  0.00996704 -0.01464890 -0.00588532 -0.00159219  0.03243473 -0.01306508 -0.02524059 -0.00380103  0.00104285 -0.00079985 -0.00068780  0.00047496 -0.06748456  0.01111561  0.10975452  0.05047729  0.00610453 -0.00671799  0.00553102 -0.00239180  0.03240833 -0.00750046 -0.00047507  0.00013564 -0.00058098 -0.00077310 -0.00051628  0.00008520  0.03829881  1.04487992  0.06093883 -0.00121700  0.06270146 -0.00356441  0.05219873 -0.00643829 -0.00012606 -0.00469183
 0.00232041 -0.00037588  0.00189821 -0.00112874  0.00167897  0.00607778 -0.00003717 -0.00458994 -0.00913151  0.01563302  0.00400455 -0.00511252  0.00144820 -0.00134113  0.00002225  0.00138232 -0.28301111  0.03574400  0.03864123 -0.31313941 -0.01830359  0.03455521 -0.00723352  0.02801118  0.00143011  0.00517271  0.00306248 -0.00098243  0.00084413 -0.00066020  0.00167625 -0.00101754 -0.04061279  0.06093883  1.23981404  0.04029639 -0.04094424  0.06167901 -0.00170924  0.01755943  0.00402094 -0.00030959
-0.00224616 -0.00138269  0.00389881  0.00099503  0.00832822 -0.01878029 -0.00317543  0.00244453  0.03251528 -0.01402143 -0.00993883  0.02278627  0.00107519 -0.00091315 -0.00094025 -0.00028342 -0.06733117  0.01430753  0.01557138 -0.11938078  0.03382676 -0.01010035  0.02904106 -0.00736450  0.00560840 -0.00200416 -0.00106465 -0.00060223 -0.00033120  0.00001449 -0.00089103  0.00050655  0.05967685 -0.00121700  0.04029639  1.04282141  0.06196663 -0.00339894  0.02521266 -0.00907828 -0.00175078 -0.00251783
 0.00146513 -0.00091403  0.00142696 -0.00119623  0.00236556  0.00007664  0.00139370 -0.00128798 -0.01043728  0.01697160  0.00286076 -0.00014562  0.00046154 -0.00165840  0.00051681 -0.00057287 -0.28177074  0.24957776 -0.16848073  0.09994904  0.00464154  0.00100418 -0.01240543  0.03445587 -0.00761883  0.03059774  0.00247853 -0.00140940  0.00199961 -0.00132430 -0.00005815  0.00001103 -0.04145404  0.06270146 -0.04094424  0.06196663  1.23926819  0.04101385  0.00528577  0.00088845  0.00013887 -0.00057145
