---------------------------------------------
GFN1-xTB CALCULATION.
---------------------------------------------

Overlap (S)
 1.00000000  0.00000000  0.00000000  0.00000000  0.43828365  0.03947112  0.43828365  0.03947112
 0.00000000  1.00000000  0.00000000  0.00000000  0.39507686  0.22304498  0.00000000  0.00000000
 0.00000000  0.00000000  1.00000000  0.00000000  0.00000000  0.00000000  0.39507686  0.22304498
 0.00000000  0.00000000  0.00000000  1.00000000  0.00000000  0.00000000  0.00000000  0.00000000
 0.43828365  0.39507686  0.00000000  0.00000000  1.00000000  0.00000000  0.30512864 -0.10031131
 0.03947112  0.22304498  0.00000000  0.00000000  0.00000000  1.00000000 -0.10031131  0.07301803
 0.43828365  0.00000000  0.39507686  0.00000000  0.30512864 -0.10031131  1.00000000  0.00000000
 0.03947112  0.00000000  0.22304498  0.00000000 -0.10031131  0.07301803  0.00000000  1.00000000

S^(-1/2)
 1.18314141  0.09196827  0.09196827  0.00000000 -0.26159576 -0.06034040 -0.26159576 -0.06034040
 0.09196827  1.10897453 -0.00415580  0.00000000 -0.27613018 -0.13250026  0.02305566 -0.01673879
 0.09196827 -0.00415580  1.10897453  0.00000000  0.02305566 -0.01673879 -0.27613018 -0.13250026
 0.00000000  0.00000000  0.00000000  1.00000000  0.00000000  0.00000000  0.00000000  0.00000000
-0.26159576 -0.27613018  0.02305566  0.00000000  1.20832344  0.04381076 -0.12075824  0.06909444
-0.06034040 -0.13250026 -0.01673879  0.00000000  0.04381076  1.03179950  0.06909444 -0.02945764
-0.26159576  0.02305566 -0.27613018  0.00000000 -0.12075824  0.06909444  1.20832344  0.04381076
-0.06034040 -0.01673879 -0.13250026  0.00000000  0.06909444 -0.02945764  0.04381076  1.03179950

Step: 0
Atomic charges:
-1.12737154 0.56368577 0.56368577 
E_elec, E_1, E_2, E_3: -5.72429421, -5.87731229, 0.15277439, 0.00024368

Step: 1
Atomic charges:
-0.24585383 0.12292691 0.12292691 
E_elec, E_1, E_2, E_3: -5.74431383, -5.75229440, 0.00797804, 0.00000253
Del E_elec: 0.02001962
W: charges were damped!

Step: 2
Atomic charges:
-0.54995734 0.27497867 0.27497867 
E_elec, E_1, E_2, E_3: -5.78396343, -5.82136665, 0.03737492, 0.00002829
Del E_elec: 0.03964960
W: charges were damped!

Step: 3
Atomic charges:
-0.62361911 0.31180956 0.31180956 
E_elec, E_1, E_2, E_3: -5.78644009, -5.83423475, 0.04775341, 0.00004125
Del E_elec: 0.00247666
W: charges were damped!

Step: 4
Atomic charges:
-0.64336208 0.32168104 0.32168104 
E_elec, E_1, E_2, E_3: -5.78662142, -5.83741767, 0.05075095, 0.00004529
Del E_elec: 0.00018133
W: charges were damped!

Step: 5
Atomic charges:
-0.64881592 0.32440796 0.32440796 
E_elec, E_1, E_2, E_3: -5.78663534, -5.83827688, 0.05159509, 0.00004645
Del E_elec: 0.00001391
W: charges were damped!

Step: 6
Atomic charges:
-0.65033534 0.32516767 0.32516767 
E_elec, E_1, E_2, E_3: -5.78663642, -5.83851470, 0.05183150, 0.00004678
Del E_elec: 0.00000108

Step: 7
Atomic charges:
-0.65139600 0.32569800 0.32569800 
E_elec, E_1, E_2, E_3: -5.78663645, -5.83868031, 0.05199686, 0.00004701
Del E_elec: 0.00000003

---------------------------------------------
CONVERGENCE REACHED ON STEP 7.
---------------------------------------------
Final atomic charges:
-0.65139600  0.32569800  0.32569800 
Final orbital energies:
-0.75680192 -0.59695282 -0.56244668 -0.49994352 -0.17290529 -0.05792446  0.20499859  0.39943651 
Final orbital coefficients:
 0.79644668 -0.00000000  0.42472819  0.00000000  0.40139270  0.00000000  0.00000000 -0.76488501
 0.05846118 -0.51990896 -0.57063643  0.00000000  0.12686461  0.07114957 -0.62898206 -0.56284243
 0.05846118  0.51990896 -0.57063643  0.00000000  0.12686461 -0.07114957  0.62898206 -0.56284243
 0.00000000  0.00000000  0.00000000  1.00000000  0.00000000  0.00000000  0.00000000  0.00000000
 0.18196872 -0.33090655 -0.20586358  0.00000000 -0.37705632 -0.41253249  0.80537108  0.69322768
 0.01165729 -0.05110873 -0.05350357  0.00000000  0.52997484  0.68488768  0.31379948  0.48951369
 0.18196872  0.33090655 -0.20586358  0.00000000 -0.37705632  0.41253249 -0.80537108  0.69322768
 0.01165729  0.05110873 -0.05350357  0.00000000  0.52997484 -0.68488768 -0.31379948  0.48951369
E_elec, E_1, E_2, E_3: -5.78663645, -5.83868031, 0.05199686, 0.00004701
Repulsion and dispersion energies: 0.02583979, -0.00013773
Final total energy: -5.76093440 Hartree (-156.76300415 eV)