---------------------------------------------
GFN1-xTB CALCULATION.
---------------------------------------------

Overlap (S)
 1.000000  0.000000  0.000000  0.000000  0.438284  0.039471  0.438284  0.039471
 0.000000  1.000000  0.000000  0.000000  0.395077  0.223045  0.000000  0.000000
 0.000000  0.000000  1.000000  0.000000  0.000000  0.000000  0.395077  0.223045
 0.000000  0.000000  0.000000  1.000000  0.000000  0.000000  0.000000  0.000000
 0.438284  0.395077  0.000000  0.000000  1.000000  0.000000  0.305129 -0.100311
 0.039471  0.223045  0.000000  0.000000  0.000000  1.000000 -0.100311  0.073018
 0.438284  0.000000  0.395077  0.000000  0.305129 -0.100311  1.000000  0.000000
 0.039471  0.000000  0.223045  0.000000 -0.100311  0.073018  0.000000  1.000000

S^(-1/2)
 1.183141  0.091968  0.091968  0.000000 -0.261596 -0.060340 -0.261596 -0.060340
 0.091968  1.108975 -0.004156  0.000000 -0.276130 -0.132500  0.023056 -0.016739
 0.091968 -0.004156  1.108975  0.000000  0.023056 -0.016739 -0.276130 -0.132500
 0.000000  0.000000  0.000000  1.000000  0.000000  0.000000  0.000000  0.000000
-0.261596 -0.276130  0.023056  0.000000  1.208323  0.043811 -0.120758  0.069094
-0.060340 -0.132500 -0.016739  0.000000  0.043811  1.031800  0.069094 -0.029458
-0.261596  0.023056 -0.276130  0.000000 -0.120758  0.069094  1.208323  0.043811
-0.060340 -0.016739 -0.132500  0.000000  0.069094 -0.029458  0.043811  1.031800

Zero-th order Hamiltonian
-0.870050  0.000000  0.000000  0.000000 -0.439295 -0.037899 -0.439295 -0.037899
 0.000000 -0.653429  0.000000  0.000000 -0.410191 -0.199173 -0.000000 -0.000000
 0.000000  0.000000 -0.653429  0.000000 -0.000000 -0.000000 -0.410191 -0.199173
 0.000000  0.000000  0.000000 -0.653429 -0.000000 -0.000000 -0.000000 -0.000000
-0.439295 -0.410191 -0.000000 -0.000000 -0.403809  0.000000 -0.218827  0.057059
-0.037899 -0.199173 -0.000000 -0.000000  0.000000 -0.080289  0.057059 -0.016708
-0.439295 -0.000000 -0.410191 -0.000000 -0.218827  0.057059 -0.403809  0.000000
-0.037899 -0.000000 -0.199173 -0.000000  0.057059 -0.016708  0.000000 -0.080289
---------------------------------------------
STARTING SCF CYCLES.
---------------------------------------------

Iteration: 1
Atomic charges:
-1.127372  0.563686  0.563686 
E_elec, E_1, E_2, E_3: -5.724294, -5.877312, 0.152774, 0.000244
Density
 1.780698 -0.277149 -0.277149  0.000000  0.081708 -0.009158  0.081708 -0.009158
-0.277149  1.422959  0.076836  0.000000  0.493262  0.089897 -0.069187  0.010905
-0.277149  0.076836  1.422959  0.000000 -0.069187  0.010905  0.493262  0.089897
 0.000000  0.000000  0.000000  2.000000  0.000000  0.000000  0.000000  0.000000
 0.081708  0.493262 -0.069187  0.000000  0.192727  0.031657 -0.042281 -0.001348
-0.009158  0.089897  0.010905  0.000000  0.031657  0.005759 -0.001348  0.001123
 0.081708 -0.069187  0.493262  0.000000 -0.042281 -0.001348  0.192727  0.031657
-0.009158  0.010905  0.089897  0.000000 -0.001348  0.001123  0.031657  0.005759

Iteration: 2
Atomic charges:
-0.245854  0.122927  0.122927 
E_elec, E_1, E_2, E_3: -5.744314, -5.752294, 0.007978, 0.000003
Del E_elec: 0.020020
Density
 1.523344 -0.471594 -0.471594  0.000000  0.118315 -0.050495  0.118315 -0.050495
-0.471594  1.025683  0.154508  0.000000  0.649838  0.129896 -0.099622  0.010982
-0.471594  0.154508  1.025683  0.000000 -0.099622  0.010982  0.649838  0.129896
 0.000000  0.000000  0.000000  2.000000  0.000000  0.000000  0.000000  0.000000
 0.118315  0.649838 -0.099622  0.000000  0.550387  0.085700 -0.094364 -0.016601
-0.050495  0.129896  0.010982  0.000000  0.085700  0.016553 -0.016601  0.000322
 0.118315 -0.099622  0.649838  0.000000 -0.094364 -0.016601  0.550387  0.085700
-0.050495  0.010982  0.129896  0.000000 -0.016601  0.000322  0.085700  0.016553
INFO: charges were damped!

Iteration: 3
Atomic charges:
-0.549957  0.274979  0.274979 
E_elec, E_1, E_2, E_3: -5.783963, -5.821367, 0.037375, 0.000028
Del E_elec: 0.039650
Density
 1.601282 -0.413071 -0.413071  0.000000  0.117716 -0.032024  0.117716 -0.032024
-0.413071  1.153924  0.126553  0.000000  0.616114  0.119583 -0.091172  0.009285
-0.413071  0.126553  1.153924  0.000000 -0.091172  0.009285  0.616114  0.119583
 0.000000  0.000000  0.000000  2.000000  0.000000  0.000000  0.000000  0.000000
 0.117716  0.616114 -0.091172  0.000000  0.412800  0.066436 -0.074126 -0.009498
-0.032024  0.119583  0.009285  0.000000  0.066436  0.012474 -0.009498  0.000632
 0.117716 -0.091172  0.616114  0.000000 -0.074126 -0.009498  0.412800  0.066436
-0.032024  0.009285  0.119583  0.000000 -0.009498  0.000632  0.066436  0.012474
INFO: charges were damped!

Iteration: 4
Atomic charges:
-0.868075  0.434037  0.434037 
E_elec, E_1, E_2, E_3: -5.773989, -5.865399, 0.091299, 0.000111
Del E_elec: 0.009974
Density
 1.694068 -0.342416 -0.342416  0.000000  0.104301 -0.017469  0.104301 -0.017469
-0.342416  1.297778  0.098552  0.000000  0.558552  0.105499 -0.079986  0.009820
-0.342416  0.098552  1.297778  0.000000 -0.079986  0.009820  0.558552  0.105499
 0.000000  0.000000  0.000000  2.000000  0.000000  0.000000  0.000000  0.000000
 0.104301  0.558552 -0.079986  0.000000  0.284201  0.046804 -0.055794 -0.004141
-0.017469  0.105499  0.009820  0.000000  0.046804  0.008655 -0.004141  0.001022
 0.104301 -0.079986  0.558552  0.000000 -0.055794 -0.004141  0.284201  0.046804
-0.017469  0.009820  0.105499  0.000000 -0.004141  0.001022  0.046804  0.008655
INFO: charges were damped!

Iteration: 5
Atomic charges:
-0.629789  0.314894  0.314894 
E_elec, E_1, E_2, E_3: -5.786519, -5.835242, 0.048680, 0.000042
Del E_elec: 0.012529
Density
 1.623340 -0.396262 -0.396262  0.000000  0.115682 -0.027936  0.115682 -0.027936
-0.396262  1.189076  0.119399  0.000000  0.603868  0.116457 -0.088586  0.009265
-0.396262  0.119399  1.189076  0.000000 -0.088586  0.009265  0.603868  0.116457
 0.000000  0.000000  0.000000  2.000000  0.000000  0.000000  0.000000  0.000000
 0.115682  0.603868 -0.088586  0.000000  0.378967  0.061441 -0.069292 -0.007949
-0.027936  0.116457  0.009265  0.000000  0.061441  0.011485 -0.007949  0.000743
 0.115682 -0.088586  0.603868  0.000000 -0.069292 -0.007949  0.378967  0.061441
-0.027936  0.009265  0.116457  0.000000 -0.007949  0.000743  0.061441  0.011485
INFO: charges were damped!

Iteration: 6
Atomic charges:
-0.551613  0.275807  0.275807 
E_elec, E_1, E_2, E_3: -5.784050, -5.821673, 0.037594, 0.000029
Del E_elec: 0.002469
Density
 1.601732 -0.412728 -0.412728  0.000000  0.117682 -0.031936  0.117682 -0.031936
-0.412728  1.154647  0.126404  0.000000  0.615875  0.119520 -0.091119  0.009283
-0.412728  0.126404  1.154647  0.000000 -0.091119  0.009283  0.615875  0.119520
 0.000000  0.000000  0.000000  2.000000  0.000000  0.000000  0.000000  0.000000
 0.117682  0.615875 -0.091119  0.000000  0.412088  0.066332 -0.074024 -0.009465
-0.031936  0.119520  0.009283  0.000000  0.066332  0.012453 -0.009465  0.000635
 0.117682 -0.091119  0.615875  0.000000 -0.074024 -0.009465  0.412088  0.066332
-0.031936  0.009283  0.119520  0.000000 -0.009465  0.000635  0.066332  0.012453
INFO: charges were damped!

Iteration: 7
Atomic charges:
-0.692586  0.346293  0.346293 
E_elec, E_1, E_2, E_3: -5.786177, -5.844856, 0.058622, 0.000056
Del E_elec: 0.002127
Density
 1.641240 -0.382612 -0.382612  0.000000  0.113477 -0.024926  0.113477 -0.024926
-0.382612  1.217168  0.113829  0.000000  0.593217  0.113824 -0.086446  0.009335
-0.382612  0.113829  1.217168  0.000000 -0.086446  0.009335  0.593217  0.113824
 0.000000  0.000000  0.000000  2.000000  0.000000  0.000000  0.000000  0.000000
 0.113477  0.593217 -0.086446  0.000000  0.353068  0.057539 -0.065608 -0.006826
-0.024926  0.113824  0.009335  0.000000  0.057539  0.010723 -0.006826  0.000828
 0.113477 -0.086446  0.593217  0.000000 -0.065608 -0.006826  0.353068  0.057539
-0.024926  0.009335  0.113824  0.000000 -0.006826  0.000828  0.057539  0.010723
INFO: charges were damped!

Iteration: 8
Atomic charges:
-0.685095  0.342548  0.342548 
E_elec, E_1, E_2, E_3: -5.786328, -5.843770, 0.057388, 0.000055
Del E_elec: 0.000151
Density
 1.639078 -0.384260 -0.384260  0.000000  0.113769 -0.025276  0.113769 -0.025276
-0.384260  1.213796  0.114491  0.000000  0.594535  0.114146 -0.086706  0.009323
-0.384260  0.114491  1.213796  0.000000 -0.086706  0.009323  0.594535  0.114146
 0.000000  0.000000  0.000000  2.000000  0.000000  0.000000  0.000000  0.000000
 0.113769  0.594535 -0.086706  0.000000  0.356123  0.058003 -0.066043 -0.006956
-0.025276  0.114146  0.009323  0.000000  0.058003  0.010813 -0.006956  0.000818
 0.113769 -0.086706  0.594535  0.000000 -0.066043 -0.006956  0.356123  0.058003
-0.025276  0.009323  0.114146  0.000000 -0.006956  0.000818  0.058003  0.010813
INFO: charges were damped!

Iteration: 9
Atomic charges:
-0.619771  0.309886  0.309886 
E_elec, E_1, E_2, E_3: -5.786381, -5.833601, 0.047180, 0.000040
Del E_elec: 0.000053
Density
 1.620530 -0.398405 -0.398405  0.000000  0.115983 -0.028433  0.115983 -0.028433
-0.398405  1.184631  0.120292  0.000000  0.605484  0.116862 -0.088918  0.009261
-0.398405  0.120292  1.184631  0.000000 -0.088918  0.009261  0.605484  0.116862
 0.000000  0.000000  0.000000  2.000000  0.000000  0.000000  0.000000  0.000000
 0.115983  0.605484 -0.088918  0.000000  0.383157  0.062066 -0.069889 -0.008136
-0.028433  0.116862  0.009261  0.000000  0.062066  0.011608 -0.008136  0.000730
 0.115983 -0.088918  0.605484  0.000000 -0.069889 -0.008136  0.383157  0.062066
-0.028433  0.009261  0.116862  0.000000 -0.008136  0.000730  0.062066  0.011608
INFO: charges were damped!

Iteration: 10
Atomic charges:
-0.644474  0.322237  0.322237 
E_elec, E_1, E_2, E_3: -5.786626, -5.837594, 0.050922, 0.000046
Del E_elec: 0.000245
Density
 1.627481 -0.393104 -0.393104  0.000000  0.115215 -0.027216  0.115215 -0.027216
-0.393104  1.195611  0.118092  0.000000  0.601458  0.115855 -0.088094  0.009275
-0.393104  0.118092  1.195611  0.000000 -0.088094  0.009275  0.601458  0.115855
 0.000000  0.000000  0.000000  2.000000  0.000000  0.000000  0.000000  0.000000
 0.115215  0.601458 -0.088094  0.000000  0.372853  0.060527 -0.068422 -0.007679
-0.027216  0.115855  0.009275  0.000000  0.060527  0.011306 -0.007679  0.000763
 0.115215 -0.088094  0.601458  0.000000 -0.068422 -0.007679  0.372853  0.060527
-0.027216  0.009275  0.115855  0.000000 -0.007679  0.000763  0.060527  0.011306
INFO: charges were damped!

Iteration: 11
Atomic charges:
-0.667914  0.333957  0.333957 
E_elec, E_1, E_2, E_3: -5.786560, -5.841217, 0.054606, 0.000051
Del E_elec: 0.000065
Density
 1.634148 -0.388020 -0.388020  0.000000  0.114409 -0.026087  0.114409 -0.026087
-0.388020  1.206085  0.116011  0.000000  0.597509  0.114878 -0.087298  0.009299
-0.388020  0.116011  1.206085  0.000000 -0.087298  0.009299  0.597509  0.114878
 0.000000  0.000000  0.000000  2.000000  0.000000  0.000000  0.000000  0.000000
 0.114409  0.597509 -0.087298  0.000000  0.363166  0.059069 -0.067044 -0.007257
-0.026087  0.114878  0.009299  0.000000  0.059069  0.011021 -0.007257  0.000795
 0.114409 -0.087298  0.597509  0.000000 -0.067044 -0.007257  0.363166  0.059069
-0.026087  0.009299  0.114878  0.000000 -0.007257  0.000795  0.059069  0.011021
INFO: charges were damped!

Iteration: 12
Atomic charges:
-0.648579  0.324290  0.324290 
E_elec, E_1, E_2, E_3: -5.786635, -5.838240, 0.051558, 0.000046
Del E_elec: 0.000075
Density
 1.628644 -0.392218 -0.392218  0.000000  0.115079 -0.027017  0.115079 -0.027017
-0.392218  1.197441  0.117727  0.000000  0.600776  0.115686 -0.087955  0.009279
-0.392218  0.117727  1.197441  0.000000 -0.087955  0.009279  0.600776  0.115686
 0.000000  0.000000  0.000000  2.000000  0.000000  0.000000  0.000000  0.000000
 0.115079  0.600776 -0.087955  0.000000  0.371150  0.060271 -0.068179 -0.007604
-0.027017  0.115686  0.009279  0.000000  0.060271  0.011256 -0.007604  0.000769
 0.115079 -0.087955  0.600776  0.000000 -0.068179 -0.007604  0.371150  0.060271
-0.027017  0.009279  0.115686  0.000000 -0.007604  0.000769  0.060271  0.011256
INFO: charges were damped!

Iteration: 13
Atomic charges:
-0.643498  0.321749  0.321749 
E_elec, E_1, E_2, E_3: -5.786622, -5.837439, 0.050772, 0.000045
Del E_elec: 0.000013
Density
 1.627205 -0.393315 -0.393315  0.000000  0.115247 -0.027264  0.115247 -0.027264
-0.393315  1.195176  0.118179  0.000000  0.601620  0.115896 -0.088126  0.009274
-0.393315  0.118179  1.195176  0.000000 -0.088126  0.009274  0.601620  0.115896
 0.000000  0.000000  0.000000  2.000000  0.000000  0.000000  0.000000  0.000000
 0.115247  0.601620 -0.088126  0.000000  0.373258  0.060587 -0.068479 -0.007697
-0.027264  0.115896  0.009274  0.000000  0.060587  0.011317 -0.007697  0.000762
 0.115247 -0.088126  0.601620  0.000000 -0.068479 -0.007697  0.373258  0.060587
-0.027264  0.009274  0.115896  0.000000 -0.007697  0.000762  0.060587  0.011317
INFO: charges were damped!

Iteration: 14
Atomic charges:
-0.654429  0.327215  0.327215 
E_elec, E_1, E_2, E_3: -5.786633, -5.839152, 0.052471, 0.000048
Del E_elec: 0.000011
Density
 1.630304 -0.390951 -0.390951  0.000000  0.114882 -0.026734  0.114882 -0.026734
-0.390951  1.200052  0.117207  0.000000  0.599797  0.115443 -0.087757  0.009284
-0.390951  0.117207  1.200052  0.000000 -0.087757  0.009284  0.599797  0.115443
 0.000000  0.000000  0.000000  2.000000  0.000000  0.000000  0.000000  0.000000
 0.114882  0.599797 -0.087757  0.000000  0.368728  0.059907 -0.067835 -0.007498
-0.026734  0.115443  0.009284  0.000000  0.059907  0.011184 -0.007498  0.000777
 0.114882 -0.087757  0.599797  0.000000 -0.067835 -0.007498  0.368728  0.059907
-0.026734  0.009284  0.115443  0.000000 -0.007498  0.000777  0.059907  0.011184
INFO: charges were damped!

Iteration: 15
Atomic charges:
-0.653370  0.326685  0.326685 
E_elec, E_1, E_2, E_3: -5.786635, -5.838988, 0.052305, 0.000047
Del E_elec: 0.000002
Density
 1.630003 -0.391181 -0.391181  0.000000  0.114918 -0.026785  0.114918 -0.026785
-0.391181  1.199579  0.117301  0.000000  0.599975  0.115487 -0.087793  0.009283
-0.391181  0.117301  1.199579  0.000000 -0.087793  0.009283  0.599975  0.115487
 0.000000  0.000000  0.000000  2.000000  0.000000  0.000000  0.000000  0.000000
 0.114918  0.599975 -0.087793  0.000000  0.369166  0.059973 -0.067897 -0.007517
-0.026785  0.115487  0.009283  0.000000  0.059973  0.011197 -0.007517  0.000776
 0.114918 -0.087793  0.599975  0.000000 -0.067897 -0.007517  0.369166  0.059973
-0.026785  0.009283  0.115487  0.000000 -0.007517  0.000776  0.059973  0.011197

Iteration: 16
Atomic charges:
-0.648964  0.324482  0.324482 
E_elec, E_1, E_2, E_3: -5.786635, -5.838300, 0.051618, 0.000046
Del E_elec: 0.000001
Density
 1.628753 -0.392134 -0.392134  0.000000  0.115066 -0.026998  0.115066 -0.026998
-0.392134  1.197613  0.117693  0.000000  0.600712  0.115670 -0.087942  0.009279
-0.392134  0.117693  1.197613  0.000000 -0.087942  0.009279  0.600712  0.115670
 0.000000  0.000000  0.000000  2.000000  0.000000  0.000000  0.000000  0.000000
 0.115066  0.600712 -0.087942  0.000000  0.370990  0.060247 -0.068157 -0.007597
-0.026998  0.115670  0.009279  0.000000  0.060247  0.011251 -0.007597  0.000770
 0.115066 -0.087942  0.600712  0.000000 -0.068157 -0.007597  0.370990  0.060247
-0.026998  0.009279  0.115670  0.000000 -0.007597  0.000770  0.060247  0.011251

---------------------------------------------
CONVERGENCE REACHED ON STEP 16.
---------------------------------------------

Final atomic charges:
-0.648964  0.324482  0.324482 
Final orbital energies:
-0.756286 -0.596483 -0.561856 -0.499249 -0.172881 -0.057943  0.205192  0.399621 
Final orbital coefficients:
-0.795818 -0.000000  0.425500  0.000000  0.401449  0.000000  0.000000 -0.765081
-0.058620 -0.519596 -0.570430  0.000000  0.126856  0.071109 -0.629245 -0.563037
-0.058620  0.519596 -0.570430  0.000000  0.126856 -0.071109  0.629245 -0.563037
 0.000000  0.000000  0.000000  1.000000  0.000000  0.000000  0.000000  0.000000
-0.182427 -0.331341 -0.205983  0.000000 -0.376850 -0.412376  0.805273  0.693184
-0.011675 -0.051189 -0.053561  0.000000  0.530072  0.684941  0.313671  0.489401
-0.182427  0.331341 -0.205983  0.000000 -0.376850  0.412376 -0.805273  0.693184
-0.011675  0.051189 -0.053561  0.000000  0.530072 -0.684941 -0.313671  0.489401
E_elec, E_1, E_2, E_3: -5.786635, -5.838300, 0.051618, 0.000046
Repulsion and dispersion energies: 0.025840, -0.000138
Final total energy: -5.760933 Hartree (-156.762978 eV)