---------------------------------------------
GFN1-xTB CALCULATION.
---------------------------------------------

Overlap (S)
 1.000000  0.000000  0.000000  0.000000  0.438284  0.039471  0.438284  0.039471
 0.000000  1.000000  0.000000  0.000000  0.395077  0.223045  0.000000  0.000000
 0.000000  0.000000  1.000000  0.000000  0.000000  0.000000  0.395077  0.223045
 0.000000  0.000000  0.000000  1.000000  0.000000  0.000000  0.000000  0.000000
 0.438284  0.395077  0.000000  0.000000  1.000000  0.000000  0.305129 -0.100311
 0.039471  0.223045  0.000000  0.000000  0.000000  1.000000 -0.100311  0.073018
 0.438284  0.000000  0.395077  0.000000  0.305129 -0.100311  1.000000  0.000000
 0.039471  0.000000  0.223045  0.000000 -0.100311  0.073018  0.000000  1.000000

S^(-1/2)
 1.183141  0.091968  0.091968  0.000000 -0.261596 -0.060340 -0.261596 -0.060340
 0.091968  1.108975 -0.004156  0.000000 -0.276130 -0.132500  0.023056 -0.016739
 0.091968 -0.004156  1.108975  0.000000  0.023056 -0.016739 -0.276130 -0.132500
 0.000000  0.000000  0.000000  1.000000  0.000000  0.000000  0.000000  0.000000
-0.261596 -0.276130  0.023056  0.000000  1.208323  0.043811 -0.120758  0.069094
-0.060340 -0.132500 -0.016739  0.000000  0.043811  1.031800  0.069094 -0.029458
-0.261596  0.023056 -0.276130  0.000000 -0.120758  0.069094  1.208323  0.043811
-0.060340 -0.016739 -0.132500  0.000000  0.069094 -0.029458  0.043811  1.031800

Zero-th order Hamiltonian
-0.870050  0.000000  0.000000  0.000000 -0.439295 -0.037899 -0.439295 -0.037899
 0.000000 -0.653429  0.000000  0.000000 -0.410191 -0.199173 -0.000000 -0.000000
 0.000000  0.000000 -0.653429  0.000000 -0.000000 -0.000000 -0.410191 -0.199173
 0.000000  0.000000  0.000000 -0.653429 -0.000000 -0.000000 -0.000000 -0.000000
-0.439295 -0.410191 -0.000000 -0.000000 -0.403809  0.000000 -0.218827  0.057059
-0.037899 -0.199173 -0.000000 -0.000000  0.000000 -0.080289  0.057059 -0.016708
-0.439295 -0.000000 -0.410191 -0.000000 -0.218827  0.057059 -0.403809  0.000000
-0.037899 -0.000000 -0.199173 -0.000000  0.057059 -0.016708  0.000000 -0.080289

---------------------------------------------
STARTING SCF CYCLES.
---------------------------------------------

Iteration: 1
Atomic charges:
-1.127372  0.563686  0.563686 
E_elec, E_1, E_2, E_3: -5.724294, -5.877312, 0.152774, 0.000244
Density
 1.780698 -0.277149 -0.277149  0.000000  0.081708 -0.009158  0.081708 -0.009158
-0.277149  1.422959  0.076836  0.000000  0.493262  0.089897 -0.069187  0.010905
-0.277149  0.076836  1.422959  0.000000 -0.069187  0.010905  0.493262  0.089897
 0.000000  0.000000  0.000000  2.000000  0.000000  0.000000  0.000000  0.000000
 0.081708  0.493262 -0.069187  0.000000  0.192727  0.031657 -0.042281 -0.001348
-0.009158  0.089897  0.010905  0.000000  0.031657  0.005759 -0.001348  0.001123
 0.081708 -0.069187  0.493262  0.000000 -0.042281 -0.001348  0.192727  0.031657
-0.009158  0.010905  0.089897  0.000000 -0.001348  0.001123  0.031657  0.005759
INFO: charges were damped!

Iteration: 2
Atomic charges:
-0.813005  0.406502  0.406502 
E_elec, E_1, E_2, E_3: -5.779621, -5.859981, 0.080268, 0.000091
Del E_elec: 0.055327
Density
 1.676978 -0.355366 -0.355366  0.000000  0.107698 -0.019657  0.107698 -0.019657
-0.355366  1.272159  0.103300  0.000000  0.570211  0.108279 -0.082093  0.009632
-0.355366  0.103300  1.272159  0.000000 -0.082093  0.009632  0.570211  0.108279
 0.000000  0.000000  0.000000  2.000000  0.000000  0.000000  0.000000  0.000000
 0.107698  0.570211 -0.082093  0.000000  0.305233  0.050140 -0.058797 -0.004912
-0.019657  0.108279  0.009632  0.000000  0.050140  0.009295 -0.004912  0.000969
 0.107698 -0.082093  0.570211  0.000000 -0.058797 -0.004912  0.305233  0.050140
-0.019657  0.009632  0.108279  0.000000 -0.004912  0.000969  0.050140  0.009295
INFO: charges were damped!

Iteration: 3
Atomic charges:
-0.356763  0.178381  0.178381 
E_elec, E_1, E_2, E_3: -5.764194, -5.780393, 0.016191, 0.000008
Del E_elec: 0.015427
Density
 1.550781 -0.451261 -0.451261  0.000000  0.119325 -0.043186  0.119325 -0.043186
-0.451261  1.071413  0.144189  0.000000  0.639882  0.126348 -0.096799  0.010000
-0.451261  0.144189  1.071413  0.000000 -0.096799  0.010000  0.639882  0.126348
 0.000000  0.000000  0.000000  2.000000  0.000000  0.000000  0.000000  0.000000
 0.119325  0.639882 -0.096799  0.000000  0.498681  0.078638 -0.086614 -0.013800
-0.043186  0.126348  0.010000  0.000000  0.078638  0.014992 -0.013800  0.000393
 0.119325 -0.096799  0.639882  0.000000 -0.086614 -0.013800  0.498681  0.078638
-0.043186  0.010000  0.126348  0.000000 -0.013800  0.000393  0.078638  0.014992
INFO: charges were damped!

Iteration: 4
Atomic charges:
-0.667232  0.333616  0.333616 
E_elec, E_1, E_2, E_3: -5.786566, -5.841114, 0.054497, 0.000051
Del E_elec: 0.022372
Density
 1.633953 -0.388169 -0.388169  0.000000  0.114433 -0.026120  0.114433 -0.026120
-0.388169  1.205779  0.116072  0.000000  0.597626  0.114906 -0.087321  0.009299
-0.388169  0.116072  1.205779  0.000000 -0.087321  0.009299  0.597626  0.114906
 0.000000  0.000000  0.000000  2.000000  0.000000  0.000000  0.000000  0.000000
 0.114433  0.597626 -0.087321  0.000000  0.363447  0.059112 -0.067084 -0.007269
-0.026120  0.114906  0.009299  0.000000  0.059112  0.011029 -0.007269  0.000794
 0.114433 -0.087321  0.597626  0.000000 -0.067084 -0.007269  0.363447  0.059112
-0.026120  0.009299  0.114906  0.000000 -0.007269  0.000794  0.059112  0.011029
INFO: charges were damped!

Iteration: 5
Atomic charges:
-0.783599  0.391800  0.391800 
E_elec, E_1, E_2, E_3: -5.781947, -5.856698, 0.074669, 0.000082
Del E_elec: 0.004620
Density
 1.668100 -0.362148 -0.362148  0.000000  0.109291 -0.020882  0.109291 -0.020882
-0.362148  1.258581  0.105852  0.000000  0.576153  0.109698 -0.083183  0.009542
-0.362148  0.105852  1.258581  0.000000 -0.083183  0.009542  0.576153  0.109698
 0.000000  0.000000  0.000000  2.000000  0.000000  0.000000  0.000000  0.000000
 0.109291  0.576153 -0.083183  0.000000  0.316691  0.051936 -0.060436 -0.005351
-0.020882  0.109698  0.009542  0.000000  0.051936  0.009640 -0.005351  0.000938
 0.109291 -0.083183  0.576153  0.000000 -0.060436 -0.005351  0.316691  0.051936
-0.020882  0.009542  0.109698  0.000000 -0.005351  0.000938  0.051936  0.009640
INFO: charges were damped!

Iteration: 6
Atomic charges:
-0.600107  0.300054  0.300054 
E_elec, E_1, E_2, E_3: -5.785957, -5.830297, 0.044303, 0.000037
Del E_elec: 0.004011
Density
 1.615050 -0.402582 -0.402582  0.000000  0.116536 -0.029421  0.116536 -0.029421
-0.402582  1.175934  0.122049  0.000000  0.608590  0.117646 -0.089565  0.009257
-0.402582  0.122049  1.175934  0.000000 -0.089565  0.009257  0.608590  0.117646
 0.000000  0.000000  0.000000  2.000000  0.000000  0.000000  0.000000  0.000000
 0.116536  0.608590 -0.089565  0.000000  0.391429  0.063294 -0.071069 -0.008509
-0.029421  0.117646  0.009257  0.000000  0.063294  0.011850 -0.008509  0.000702
 0.116536 -0.089565  0.608590  0.000000 -0.071069 -0.008509  0.391429  0.063294
-0.029421  0.009257  0.117646  0.000000 -0.008509  0.000702  0.063294  0.011850
INFO: charges were damped!

Iteration: 7
Atomic charges:
-0.603023  0.301511  0.301511 
E_elec, E_1, E_2, E_3: -5.786033, -5.830794, 0.044724, 0.000037
Del E_elec: 0.000076
Density
 1.615860 -0.401965 -0.401965  0.000000  0.116458 -0.029274  0.116458 -0.029274
-0.401965  1.177221  0.121789  0.000000  0.608135  0.117531 -0.089469  0.009257
-0.401965  0.121789  1.177221  0.000000 -0.089469  0.009257  0.608135  0.117531
 0.000000  0.000000  0.000000  2.000000  0.000000  0.000000  0.000000  0.000000
 0.116458  0.608135 -0.089469  0.000000  0.390198  0.063112 -0.070893 -0.008453
-0.029274  0.117531  0.009257  0.000000  0.063112  0.011814 -0.008453  0.000706
 0.116458 -0.089469  0.608135  0.000000 -0.070893 -0.008453  0.390198  0.063112
-0.029274  0.009257  0.117531  0.000000 -0.008453  0.000706  0.063112  0.011814
INFO: charges were damped!

Iteration: 8
Atomic charges:
-0.690412  0.345206  0.345206 
E_elec, E_1, E_2, E_3: -5.786224, -5.844542, 0.058262, 0.000056
Del E_elec: 0.000191
Density
 1.640612 -0.383091 -0.383091  0.000000  0.113563 -0.025027  0.113563 -0.025027
-0.383091  1.216189  0.114021  0.000000  0.593600  0.113918 -0.086522  0.009331
-0.383091  0.114021  1.216189  0.000000 -0.086522  0.009331  0.593600  0.113918
 0.000000  0.000000  0.000000  2.000000  0.000000  0.000000  0.000000  0.000000
 0.113563  0.593600 -0.086522  0.000000  0.353953  0.057674 -0.065734 -0.006864
-0.025027  0.113918  0.009331  0.000000  0.057674  0.010749 -0.006864  0.000825
 0.113563 -0.086522  0.593600  0.000000 -0.065734 -0.006864  0.353953  0.057674
-0.025027  0.009331  0.113918  0.000000 -0.006864  0.000825  0.057674  0.010749
INFO: charges were damped!

Iteration: 9
Atomic charges:
-0.661277  0.330638  0.330638 
E_elec, E_1, E_2, E_3: -5.786608, -5.840207, 0.053550, 0.000049
Del E_elec: 0.000384
Density
 1.632253 -0.389465 -0.389465  0.000000  0.114645 -0.026404  0.114645 -0.026404
-0.389465  1.203113  0.116600  0.000000  0.598640  0.115157 -0.087524  0.009292
-0.389465  0.116600  1.203113  0.000000 -0.087524  0.009292  0.598640  0.115157
 0.000000  0.000000  0.000000  2.000000  0.000000  0.000000  0.000000  0.000000
 0.114645  0.598640 -0.087524  0.000000  0.365900  0.059482 -0.067433 -0.007375
-0.026404  0.115157  0.009292  0.000000  0.059482  0.011101 -0.007375  0.000786
 0.114645 -0.087524  0.598640  0.000000 -0.067433 -0.007375  0.365900  0.059482
-0.026404  0.009292  0.115157  0.000000 -0.007375  0.000786  0.059482  0.011101
INFO: charges were damped!

Iteration: 10
Atomic charges:
-0.628533  0.314267  0.314267 
E_elec, E_1, E_2, E_3: -5.786504, -5.835038, 0.048491, 0.000042
Del E_elec: 0.000104
Density
 1.622987 -0.396531 -0.396531  0.000000  0.115720 -0.027998  0.115720 -0.027998
-0.396531  1.188519  0.119511  0.000000  0.604072  0.116508 -0.088627  0.009264
-0.396531  0.119511  1.188519  0.000000 -0.088627  0.009264  0.604072  0.116508
 0.000000  0.000000  0.000000  2.000000  0.000000  0.000000  0.000000  0.000000
 0.115720  0.604072 -0.088627  0.000000  0.379491  0.061520 -0.069367 -0.007972
-0.027998  0.116508  0.009264  0.000000  0.061520  0.011500 -0.007972  0.000742
 0.115720 -0.088627  0.604072  0.000000 -0.069367 -0.007972  0.379491  0.061520
-0.027998  0.009264  0.116508  0.000000 -0.007972  0.000742  0.061520  0.011500
INFO: charges were damped!

Iteration: 11
Atomic charges:
-0.653123  0.326561  0.326561 
E_elec, E_1, E_2, E_3: -5.786635, -5.838949, 0.052267, 0.000047
Del E_elec: 0.000131
Density
 1.629933 -0.391234 -0.391234  0.000000  0.114926 -0.026797  0.114926 -0.026797
-0.391234  1.199469  0.117323  0.000000  0.600016  0.115497 -0.087801  0.009283
-0.391234  0.117323  1.199469  0.000000 -0.087801  0.009283  0.600016  0.115497
 0.000000  0.000000  0.000000  2.000000  0.000000  0.000000  0.000000  0.000000
 0.114926  0.600016 -0.087801  0.000000  0.369269  0.059988 -0.067912 -0.007522
-0.026797  0.115497  0.009283  0.000000  0.059988  0.011200 -0.007522  0.000775
 0.114926 -0.087801  0.600016  0.000000 -0.067912 -0.007522  0.369269  0.059988
-0.026797  0.009283  0.115497  0.000000 -0.007522  0.000775  0.059988  0.011200
INFO: charges were damped!

Iteration: 12
Atomic charges:
-0.660965  0.330483  0.330483 
E_elec, E_1, E_2, E_3: -5.786610, -5.840160, 0.053501, 0.000049
Del E_elec: 0.000025
Density
 1.632164 -0.389533 -0.389533  0.000000  0.114655 -0.026419  0.114655 -0.026419
-0.389533  1.202974  0.116627  0.000000  0.598693  0.115170 -0.087535  0.009291
-0.389533  0.116627  1.202974  0.000000 -0.087535  0.009291  0.598693  0.115170
 0.000000  0.000000  0.000000  2.000000  0.000000  0.000000  0.000000  0.000000
 0.114655  0.598693 -0.087535  0.000000  0.366029  0.059501 -0.067451 -0.007381
-0.026419  0.115170  0.009291  0.000000  0.059501  0.011105 -0.007381  0.000786
 0.114655 -0.087535  0.598693  0.000000 -0.067451 -0.007381  0.366029  0.059501
-0.026419  0.009291  0.115170  0.000000 -0.007381  0.000786  0.059501  0.011105
INFO: charges were damped!

Iteration: 13
Atomic charges:
-0.646646  0.323323  0.323323 
E_elec, E_1, E_2, E_3: -5.786632, -5.837936, 0.051258, 0.000046
Del E_elec: 0.000022
Density
 1.628096 -0.392635 -0.392635  0.000000  0.115143 -0.027110  0.115143 -0.027110
-0.392635  1.196579  0.117899  0.000000  0.601098  0.115766 -0.088020  0.009277
-0.392635  0.117899  1.196579  0.000000 -0.088020  0.009277  0.601098  0.115766
 0.000000  0.000000  0.000000  2.000000  0.000000  0.000000  0.000000  0.000000
 0.115143  0.601098 -0.088020  0.000000  0.371952  0.060391 -0.068294 -0.007639
-0.027110  0.115766  0.009277  0.000000  0.060391  0.011279 -0.007639  0.000766
 0.115143 -0.088020  0.601098  0.000000 -0.068294 -0.007639  0.371952  0.060391
-0.027110  0.009277  0.115766  0.000000 -0.007639  0.000766  0.060391  0.011279
INFO: charges were damped!

Iteration: 14
Atomic charges:
-0.647466  0.323733  0.323733 
E_elec, E_1, E_2, E_3: -5.786633, -5.838065, 0.051386, 0.000046
Del E_elec: 0.000002
Density
 1.628328 -0.392458 -0.392458  0.000000  0.115116 -0.027071  0.115116 -0.027071
-0.392458  1.196945  0.117826  0.000000  0.600961  0.115732 -0.087993  0.009278
-0.392458  0.117826  1.196945  0.000000 -0.087993  0.009278  0.600961  0.115732
 0.000000  0.000000  0.000000  2.000000  0.000000  0.000000  0.000000  0.000000
 0.115116  0.600961 -0.087993  0.000000  0.371611  0.060340 -0.068245 -0.007624
-0.027071  0.115732  0.009278  0.000000  0.060340  0.011269 -0.007624  0.000768
 0.115116 -0.087993  0.600961  0.000000 -0.068245 -0.007624  0.371611  0.060340
-0.027071  0.009278  0.115732  0.000000 -0.007624  0.000768  0.060340  0.011269

Iteration: 15
Atomic charges:
-0.653693  0.326847  0.326847 
E_elec, E_1, E_2, E_3: -5.786634, -5.839038, 0.052356, 0.000048
Del E_elec: 0.000001
Density
 1.630095 -0.391111 -0.391111  0.000000  0.114907 -0.026769  0.114907 -0.026769
-0.391111  1.199724  0.117273  0.000000  0.599920  0.115473 -0.087782  0.009284
-0.391111  0.117273  1.199724  0.000000 -0.087782  0.009284  0.599920  0.115473
 0.000000  0.000000  0.000000  2.000000  0.000000  0.000000  0.000000  0.000000
 0.114907  0.599920 -0.087782  0.000000  0.369032  0.059953 -0.067878 -0.007512
-0.026769  0.115473  0.009284  0.000000  0.059953  0.011193 -0.007512  0.000776
 0.114907 -0.087782  0.599920  0.000000 -0.067878 -0.007512  0.369032  0.059953
-0.026769  0.009284  0.115473  0.000000 -0.007512  0.000776  0.059953  0.011193
INFO: charges were damped!

Iteration: 16
Atomic charges:
-0.651699  0.325849  0.325849 
E_elec, E_1, E_2, E_3: -5.786636, -5.838728, 0.052044, 0.000047
Del E_elec: 0.000002
Density
 1.629529 -0.391543 -0.391543  0.000000  0.114974 -0.026865  0.114974 -0.026865
-0.391543  1.198833  0.117450  0.000000  0.600255  0.115556 -0.087850  0.009282
-0.391543  0.117450  1.198833  0.000000 -0.087850  0.009282  0.600255  0.115556
 0.000000  0.000000  0.000000  2.000000  0.000000  0.000000  0.000000  0.000000
 0.114974  0.600255 -0.087850  0.000000  0.369858  0.060077 -0.067996 -0.007548
-0.026865  0.115556  0.009282  0.000000  0.060077  0.011218 -0.007548  0.000773
 0.114974 -0.087850  0.600255  0.000000 -0.067996 -0.007548  0.369858  0.060077
-0.026865  0.009282  0.115556  0.000000 -0.007548  0.000773  0.060077  0.011218

Iteration: 17
Atomic charges:
-0.650303  0.325152  0.325152 
E_elec, E_1, E_2, E_3: -5.786636, -5.838510, 0.051827, 0.000047
Del E_elec: 0.000000
Density
 1.629133 -0.391845 -0.391845  0.000000  0.115021 -0.026933  0.115021 -0.026933
-0.391845  1.198210  0.117574  0.000000  0.600488  0.115614 -0.087897  0.009280
-0.391845  0.117574  1.198210  0.000000 -0.087897  0.009280  0.600488  0.115614
 0.000000  0.000000  0.000000  2.000000  0.000000  0.000000  0.000000  0.000000
 0.115021  0.600488 -0.087897  0.000000  0.370436  0.060164 -0.068078 -0.007573
-0.026933  0.115614  0.009280  0.000000  0.060164  0.011235 -0.007573  0.000771
 0.115021 -0.087897  0.600488  0.000000 -0.068078 -0.007573  0.370436  0.060164
-0.026933  0.009280  0.115614  0.000000 -0.007573  0.000771  0.060164  0.011235

---------------------------------------------
CONVERGENCE REACHED ON STEP 17.
---------------------------------------------

Final atomic charges:
-0.650303  0.325152  0.325152 
Final orbital energies:
-0.756570 -0.596741 -0.562181 -0.499631 -0.172894 -0.057933  0.205086  0.399519 
Final orbital coefficients:
-0.796164 -0.000000  0.425075  0.000000  0.401418  0.000000  0.000000 -0.764973
-0.058532 -0.519768 -0.570544  0.000000  0.126861  0.071131 -0.629100 -0.562930
-0.058532  0.519768 -0.570544  0.000000  0.126861 -0.071131  0.629100 -0.562930
 0.000000  0.000000  0.000000  1.000000  0.000000  0.000000  0.000000  0.000000
-0.182175 -0.331102 -0.205917  0.000000 -0.376964 -0.412462  0.805327  0.693208
-0.011665 -0.051145 -0.053529  0.000000  0.530019  0.684911  0.313742  0.489463
-0.182175  0.331102 -0.205917  0.000000 -0.376964  0.412462 -0.805327  0.693208
-0.011665  0.051145 -0.053529  0.000000  0.530019 -0.684911 -0.313742  0.489463
E_elec, E_1, E_2, E_3: -5.786636, -5.838510, 0.051827, 0.000047
Repulsion and dispersion energies: 0.025840, -0.000138
Final total energy: -5.7609344 Hartree (-156.7630030 eV)