---------------------------------------------
GFN1-xTB CALCULATION.
---------------------------------------------

Molecule coordinates (Bohr)
O    0.0000   0.0000   0.0000
H    1.8897   0.0000   0.0000
H    0.0000   1.8897   0.0000

Overlap (S)
 1.000000  0.000000  0.000000  0.000000  0.438284  0.039471  0.438284  0.039471
 0.000000  1.000000  0.000000  0.000000  0.395077  0.223045  0.000000  0.000000
 0.000000  0.000000  1.000000  0.000000  0.000000  0.000000  0.395077  0.223045
 0.000000  0.000000  0.000000  1.000000  0.000000  0.000000  0.000000  0.000000
 0.438284  0.395077  0.000000  0.000000  1.000000  0.000000  0.305129 -0.100311
 0.039471  0.223045  0.000000  0.000000  0.000000  1.000000 -0.100311  0.073018
 0.438284  0.000000  0.395077  0.000000  0.305129 -0.100311  1.000000  0.000000
 0.039471  0.000000  0.223045  0.000000 -0.100311  0.073018  0.000000  1.000000

Zero-th order Hamiltonian
-0.870050  0.000000  0.000000  0.000000 -0.439295 -0.037899 -0.439295 -0.037899
 0.000000 -0.653429  0.000000  0.000000 -0.410191 -0.199173 -0.000000 -0.000000
 0.000000  0.000000 -0.653429  0.000000 -0.000000 -0.000000 -0.410191 -0.199173
 0.000000  0.000000  0.000000 -0.653429 -0.000000 -0.000000 -0.000000 -0.000000
-0.439295 -0.410191 -0.000000 -0.000000 -0.403809  0.000000 -0.218827  0.057059
-0.037899 -0.199173 -0.000000 -0.000000  0.000000 -0.080289  0.057059 -0.016708
-0.439295 -0.000000 -0.410191 -0.000000 -0.218827  0.057059 -0.403809  0.000000
-0.037899 -0.000000 -0.199173 -0.000000  0.057059 -0.016708  0.000000 -0.080289

Density first guess
 1.780698 -0.277149 -0.277149  0.000000  0.081708 -0.009158  0.081708 -0.009158
-0.277149  1.422959  0.076836  0.000000  0.493262  0.089897 -0.069187  0.010905
-0.277149  0.076836  1.422959  0.000000 -0.069187  0.010905  0.493262  0.089897
 0.000000  0.000000  0.000000  2.000000  0.000000  0.000000  0.000000  0.000000
 0.081708  0.493262 -0.069187  0.000000  0.192727  0.031657 -0.042281 -0.001348
-0.009158  0.089897  0.010905  0.000000  0.031657  0.005759 -0.001348  0.001123
 0.081708 -0.069187  0.493262  0.000000 -0.042281 -0.001348  0.192727  0.031657
-0.009158  0.010905  0.089897  0.000000 -0.001348  0.001123  0.031657  0.005759

---------------------------------------------
STARTING SCF CYCLES.
---------------------------------------------

Step       E_elec       E_1          E_2          E_3       Damping
  1      -5.724294    -5.877312     0.152774     0.000244     yes
  2      -5.779621    -5.859981     0.080268     0.000091     yes
  3      -5.786025    -5.845771     0.059688     0.000058     yes
  4      -5.786587    -5.840712     0.054075     0.000050     yes
  5      -5.786633    -5.839204     0.052523     0.000048     yes
  6      -5.786636    -5.838774     0.052091     0.000047     yes
  7      -5.786636    -5.838654     0.051970     0.000047     yes
  8      -5.786637    -5.838620     0.051936     0.000047     yes

---------------------------------------------
CONVERGENCE REACHED ON STEP 8.
---------------------------------------------

Final atomic charges:
O    -0.651008
H     0.325504
H     0.325504
Final orbital energies:
-0.756760 -0.596919 -0.562394 -0.499874 -0.172942 -0.057968  0.204988  0.399425 
Final orbital coefficients:
 0.796345  0.058487  0.058487  0.000000  0.182043  0.011660  0.182043  0.011660
-0.000000 -0.519859  0.519859  0.000000 -0.330976 -0.051122  0.330976  0.051122
 0.424853 -0.570604 -0.570604  0.000000 -0.205882 -0.053513 -0.205882 -0.053513
 0.000000  0.000000  0.000000  1.000000  0.000000  0.000000  0.000000  0.000000
 0.401402  0.126863  0.126863  0.000000 -0.377023  0.529990 -0.377023  0.529990
 0.000000  0.071143 -0.071143  0.000000 -0.412508  0.684896  0.412508 -0.684896
 0.000000 -0.629024  0.629024  0.000000  0.805355  0.313779 -0.805355 -0.313779
-0.764917 -0.562873 -0.562873  0.000000  0.693221  0.489496  0.693221  0.489496
Final electronic energy (E_1, E_2, E_3): -5.786637 (-5.838620, 0.051936, 0.000047)
Repulsion and dispersion energies: 0.02583979, -0.00013773
Final total energy: -5.76093445 Hartree (-156.76300570 eV)